39 -26.8085
39.05 -27.0265
39.1 -27.2483
39.15 -27.4738
39.2 -27.7032
39.25 -27.9365
39.3 -28.174
39.35 -25.6334
39.4 -28.6615
39.45 -28.9119
39.5 -27.2174
39.55 -29.4263
39.6 -29.6905
39.65 -29.9597
39.7 -30.234
39.75 -30.5134
39.8 -30.7982
39.85 -31.0884
39.9 -31.3843
39.95 -31.686
40 -31.9937
40.05 -32.3076
40.1 -32.6277
40.15 -30.4513
40.2 -33.2879
40.25 -33.6283
40.3 -33.9758
40.35 -34.3308
40.4 -34.6933
40.45 -35.0637
40.5 -28.3009
40.55 -35.8292
40.6 -36.2248
40.65 -36.6294
40.7 -37.0432
40.75 -32.6367
40.8 -37.8999
40.85 -38.3436
40.9 -38.7978
40.95 -32.9902
41 -39.7398
