39 -21.5385
39.05 -21.6482
39.1 -21.7592
39.15 -21.8716
39.2 -21.9852
39.25 -22.1001
39.3 -22.2164
39.35 -22.334
39.4 -22.4531
39.45 -22.5735
39.5 -22.6955
39.55 -22.8188
39.6 -22.9437
39.65 -23.0701
39.7 -23.1981
39.75 -23.3276
39.8 -23.4588
39.85 -23.5915
39.9 -23.726
39.95 -23.8621
40 -24
40.05 -24.1396
40.1 -24.2811
40.15 -24.4243
40.2 -24.5695
40.25 -24.7165
40.3 -24.8655
40.35 -25.0164
40.4 -25.1694
40.45 -25.3244
40.5 -25.4815
40.55 -25.6407
40.6 -25.8022
40.65 -25.9658
40.7 -26.1317
40.75 -26.3
40.8 -26.4706
40.85 -26.6436
40.9 -26.8191
40.95 -26.9971
41 -27.1777
