39 -20.362
39.05 -20.4714
39.1 -20.582
39.15 -20.6939
39.2 -20.8071
39.25 -20.9217
39.3 -21.0376
39.35 -21.1549
39.4 -21.2735
39.45 -21.3936
39.5 -21.5151
39.55 -21.6381
39.6 -21.7626
39.65 -21.8886
39.7 -22.0162
39.75 -22.1453
39.8 -22.2761
39.85 -22.4085
39.9 -22.5425
39.95 -22.6783
40 -22.8158
40.05 -22.955
40.1 -23.0961
40.15 -23.239
40.2 -23.3837
40.25 -23.5303
40.3 -23.6789
40.35 -23.8295
40.4 -23.982
40.45 -24.1366
40.5 -24.2934
40.55 -24.4522
40.6 -24.6133
40.65 -24.7765
40.7 -24.942
40.75 -25.1099
40.8 -25.2801
40.85 -25.4527
40.9 -25.6278
40.95 -25.8055
41 -25.9856
