40.3 -631.374
40.3037 -1366.98
40.3075 -112.547
40.3112 -98.0892
40.315 -2444.48
40.3187 -2635.37
40.3225 -1373.85
40.3262 -103.496
40.33 -3441.67
40.3337 -1000.19
40.3375 -4323.65
40.3412 -100.199
40.345 -5813.57
40.3487 -7023.84
40.3525 -863.125
40.3562 -12035
40.36 -18709.4
40.3637 -42006.4
40.3675 -1361.38
40.3712 28182
40.375 -102.683
40.3787 415384
40.3825 -101.555
40.3862 6490.32
40.39 5442.88
40.3937 -93.7349
40.3975 4114.71
40.4012 5547.48
40.405 3307.54
40.4087 -122.632
40.4125 2765.09
40.4162 -1490.2
40.42 2375.47
40.4237 -106.499
40.4275 -1716.27
40.4312 1960.97
40.435 2294.96
40.4387 1756.6
40.4425 -108.044
40.4462 7596.31
40.45 1519.11
40.4537 1453.6
40.4575 -128.164
40.4612 1338.17
40.465 -129.06
40.4688 -7111.6
40.4725 1195.73
40.4763 1154.76
40.48 1579.38
40.4838 -98.9137
40.4875 1128.69
40.4913 -100.226
40.495 985.833
40.4988 1132.71
40.5025 2391.32
40.5063 1654.21
40.51 -113.998
40.5138 860.004
40.5175 4119.47
40.5213 818.224
40.525 798.82
40.5288 780.314
40.5325 762.645
40.5363 1131.59
40.54 729.602
40.5438 714.131
40.5475 699.302
40.5513 2162.73
40.555 671.416
40.5588 658.29
40.5625 645.668
40.5663 1205.93
40.57 621.819
40.5738 610.543
40.5775 1215.27
40.5813 589.174
40.585 1291.97
40.5888 652.426
40.5925 559.782
40.5963 550.626
40.6 541.763
