40.35 -1146.66
40.3503 -7661.87
40.3505 -4740.52
40.3507 -7901.11
40.351 -8026.43
40.3513 -100.922
40.3515 -116.718
40.3518 -3325.78
40.352 -8570.13
40.3522 -990.473
40.3525 -863.125
40.3528 -9028.84
40.353 -9192.85
40.3533 -9362.93
40.3535 -2854.72
40.3537 -1186.76
40.354 -1514.64
40.3543 -10111.2
40.3545 -10317.4
40.3548 -10532.1
40.355 -1532.91
40.3552 -10989.5
40.3555 -11233.5
40.3558 -1209.32
40.356 -1212.2
40.3563 -12035
40.3565 -1970.4
40.3567 -12636
40.357 -91.5022
40.3573 -13300.2
40.3575 -105.638
40.3578 -105.976
40.358 -14438.7
40.3582 -14862.8
40.3585 -15312.5
40.3588 -15790.3
40.359 -16298.9
40.3593 -99.9971
40.3595 -17421.2
40.3597 -18042.3
40.36 -18709.4
40.3603 -2502.99
40.3605 -20203.4
40.3608 -21043.5
40.361 -21956.6
40.3612 -1014.58
40.3615 -24043.1
40.3618 -25242.5
40.362 -26567.8
40.3623 -28040
40.3625 -29685
40.3627 -10183.3
40.363 -2612.08
40.3633 -3718.04
40.3635 -38786.5
40.3638 -42006.4
40.364 -3396.06
40.3642 -50369.2
40.3645 -1731.4
40.3648 -62889.6
40.365 -71815.4
40.3653 -83693.7
40.3655 -100280
40.3657 -1188.39
40.366 -166128
40.3663 -247330
40.3665 -5125.63
40.3668 -1786.18
40.367 -945.28
40.3672 258930
40.3675 -1361.38
40.3678 -102.139
40.368 102135
40.3683 84981
40.3685 -24724.2
40.3687 -1379.84
40.369 -2642.39
40.3693 -1387.36
40.3695 -963.154
40.3698 42327.3
40.37 39059.8
40.3702 -968.649
40.3705 -102.345
40.3708 -81249
40.371 -102.383
40.3713 28182
40.3715 -977.948
40.3717 25357.2
40.372 -3898.54
40.3723 23047.2
40.3725 -1114.52
40.3728 21122.8
40.373 20276.4
40.3732 -6603.56
40.3735 18771.8
40.3738 18100.3
40.374 17475.1
40.3743 -929.874
40.3745 -102.646
40.3747 -1475.89
40.375 -102.683
40.3753 14901.7
40.3755 14475.3
40.3757 -102.74
40.376 13691.9
40.3762 -6039.59
40.3765 -10941.4
40.3768 12663.8
40.377 12354.5
40.3772 12060
40.3775 11779.3
40.3777 11511.3
40.378 11255.2
40.3783 -1538.36
40.3785 -102.948
40.3787 415384
40.379 10335.5
40.3792 10128.6
40.3795 9929.78
40.3798 -1207.76
40.38 -1210.65
40.3802 -1267.76
40.3805 9206.97
40.3807 -1201.31
40.381 -92.9479
40.3813 8730.34
40.3815 3075.47
40.3817 -103.195
40.382 -407439
40.3822 -92.4981
40.3825 -101.555
40.3828 7911.23
40.383 -103.291
40.3832 7671.31
40.3835 7556.72
40.3837 7445.51
40.384 -1081.81
40.3843 7232.63
40.3845 2565.09
40.3847 -1669.61
40.385 6935.18
40.3852 6841.4
40.3855 -2425.91
40.3858 -1463.14
40.386 -1100.51
40.3862 6490.32
40.3865 6408.11
40.3867 6327.95
40.387 -20979
40.3873 -1112.53
40.3875 -1732.14
40.3877 -1738.06
40.388 5955.49
40.3882 -1111.95
40.3885 5818.49
40.3888 5752.33
40.389 -93.4401
40.3892 5624.42
40.3895 -92.9394
40.3897 5502.08
40.39 5442.88
40.3903 5384.94
40.3905 5328.23
40.3907 -5285.05
40.391 6629.37
40.3912 5165.02
40.3915 5112.82
40.3918 5061.66
40.392 -1344.05
40.3922 4962.36
40.3925 -1858.71
40.3927 -1354.78
40.393 -108.895
40.3933 4775
40.3935 123260
40.3937 -93.7349
40.394 -1900.37
40.3942 4601.26
40.3945 -104.176
40.3948 4519.06
40.395 -104.215
40.3952 -8853.62
40.3955 4401.1
40.3957 2710.86
40.396 4325.83
40.3963 4289.15
40.3965 4253.09
40.3967 4217.63
40.397 -109.237
40.3972 11251.5
40.3975 4114.71
40.3978 8128.29
40.398 4048.84
40.3982 -1368.34
40.3985 3985.04
40.3987 3953.9
40.399 17451.4
40.3993 3893.04
40.3995 3863.3
40.3997 -22000.9
40.4 -24336.2
