39 -93.224
39.05 -94.6358
39.1 -100.525
39.15 -104.626
39.2 -99.4547
39.25 -113.931
39.3 -119.238
39.35 -60.1176
39.4 -117.652
39.45 -123.957
39.5 -67.991
39.55 -155.522
39.6 -141.518
39.65 -177.125
39.7 -190.358
39.75 -205.736
39.8 -223.827
39.85 -208.679
39.9 -267.241
39.95 -304.152
40 -283.329
40.05 -399.97
40.1 -474.819
40.15 -99.7916
40.2 -759.173
40.25 -1084
40.3 -631.374
40.35 -1146.66
40.4 -24336.2
40.45 1519.11
40.5 -100.853
40.55 689.753
40.6 541.763
40.65 446.023
40.7 483.721
40.75 -151.08
40.8 291.399
40.85 307.488
40.9 305.3
40.95 -173.129
41 207.4
