39 -43.5419
39.05 -44.2086
39.1 -44.8963
39.15 -45.6062
39.2 -45.0916
39.25 -47.0966
39.3 -47.8795
39.35 -46.2095
39.4 -48.1803
39.45 -49.2955
39.5 -49.1126
39.55 -52.2262
39.6 -51.5084
39.65 -54.1974
39.7 -55.2405
39.75 -56.325
39.8 -57.4534
39.85 -57.6593
39.9 -59.8531
39.95 -61.1304
40 -61.4818
40.05 -63.8576
40.1 -65.3154
40.15 -63.1345
40.2 -68.4419
40.25 -70.1211
40.3 -68.8216
40.35 -71.9938
40.4 -75.1609
40.45 -77.7586
40.5 -70.3998
40.55 -82.2418
40.6 -84.6842
40.65 -87.2769
40.7 -88.7055
40.75 -84.2484
40.8 -96.1097
40.85 -97.6162
40.9 -98.0216
40.95 -93.8377
41 -111.118
