0.001 1.993
0.002 1.98608
0.003 1.97923
0.004 1.97245
0.005 1.96574
0.006 1.95909
0.007 1.95252
0.008 1.94601
0.009 1.93956
0.01 1.93318
0.011 1.92686
0.012 1.9206
0.013 1.9144
0.014 1.90827
0.015 1.90219
0.016 1.89616
0.017 1.8902
0.018 1.88429
0.019 1.87844
0.02 1.87264
0.021 1.86689
0.022 1.86119
0.023 1.85555
0.024 1.84996
0.025 1.84442
0.026 1.83892
0.027 1.83348
0.028 1.82808
0.029 1.82273
0.03 1.81743
0.031 1.81217
0.032 1.80696
0.033 1.80179
0.034 1.79667
0.035 1.79159
0.036 1.78655
0.037 1.78155
0.038 1.77659
0.039 1.77168
0.04 1.7668
0.041 1.76197
0.042 1.75717
0.043 1.75241
0.044 1.74769
0.045 1.74301
0.046 1.73837
0.047 1.73376
0.048 1.72918
0.049 1.72465
0.05 1.72014
0.051 1.71568
0.052 1.71124
0.053 1.70684
0.054 1.70247
0.055 1.69814
0.056 1.69384
0.057 1.68957
0.058 1.68533
0.059 1.68112
0.06 1.67695
0.061 1.6728
0.062 1.66868
0.063 1.6646
0.064 1.66054
0.065 1.65651
0.066 1.65251
0.067 1.64854
0.068 1.6446
0.069 1.64068
0.07 1.63679
0.071 1.63293
0.072 1.62909
0.073 1.62528
0.074 1.6215
0.075 1.61774
0.076 1.61401
0.077 1.6103
0.078 1.60662
0.079 1.60296
0.08 1.59933
0.081 1.59572
0.082 1.59213
0.083 1.58857
0.084 1.58503
0.085 1.58151
0.086 1.57802
0.087 1.57455
0.088 1.5711
0.089 1.56767
0.09 1.56427
0.091 1.56088
0.092 1.55752
0.093 1.55418
0.094 1.55085
0.095 1.54755
0.096 1.54427
0.097 1.54101
0.098 1.53777
0.099 1.53455
0.1 1.53135
0.101 1.52816
0.102 1.525
0.103 1.52186
0.104 1.51873
0.105 1.51562
0.106 1.51253
0.107 1.50946
0.108 1.50641
0.109 1.50337
0.11 1.50035
0.111 1.49735
0.112 1.49437
0.113 1.4914
0.114 1.48846
0.115 1.48552
0.116 1.48261
0.117 1.47971
0.118 1.47682
0.119 1.47396
0.12 1.4711
0.121 1.46827
0.122 1.46545
0.123 1.46264
0.124 1.45985
0.125 1.45708
0.126 1.45432
0.127 1.45158
0.128 1.44885
0.129 1.44613
0.13 1.44343
0.131 1.44075
0.132 1.43807
0.133 1.43542
0.134 1.43277
0.135 1.43014
0.136 1.42753
0.137 1.42492
0.138 1.42234
0.139 1.41976
0.14 1.4172
0.141 1.41465
0.142 1.41211
0.143 1.40959
0.144 1.40708
0.145 1.40458
0.146 1.40209
0.147 1.39962
0.148 1.39716
0.149 1.39471
0.15 1.39227
0.151 1.38985
0.152 1.38744
0.153 1.38504
0.154 1.38265
0.155 1.38027
0.156 1.3779
0.157 1.37555
0.158 1.3732
0.159 1.37087
0.16 1.36855
0.161 1.36624
0.162 1.36394
0.163 1.36166
0.164 1.35938
0.165 1.35711
0.166 1.35486
0.167 1.35261
0.168 1.35037
0.169 1.34815
0.17 1.34594
0.171 1.34373
0.172 1.34154
0.173 1.33935
0.174 1.33718
0.175 1.33501
0.176 1.33286
0.177 1.33071
0.178 1.32858
0.179 1.32645
0.18 1.32434
0.181 1.32223
0.182 1.32013
0.183 1.31804
0.184 1.31597
0.185 1.3139
0.186 1.31183
0.187 1.30978
0.188 1.30774
0.189 1.3057
0.19 1.30368
0.191 1.30166
0.192 1.29965
0.193 1.29765
0.194 1.29566
0.195 1.29368
0.196 1.29171
0.197 1.28974
0.198 1.28778
0.199 1.28583
0.2 1.28389
0.201 1.28196
0.202 1.28004
0.203 1.27812
0.204 1.27621
0.205 1.27431
0.206 1.27241
0.207 1.27053
0.208 1.26865
0.209 1.26678
0.21 1.26492
0.211 1.26306
0.212 1.26121
0.213 1.25937
0.214 1.25754
0.215 1.25571
0.216 1.25389
0.217 1.25208
0.218 1.25028
0.219 1.24848
0.22 1.24669
0.221 1.24491
0.222 1.24313
0.223 1.24136
0.224 1.2396
0.225 1.23785
0.226 1.2361
0.227 1.23436
0.228 1.23262
0.229 1.23089
0.23 1.22917
0.231 1.22745
0.232 1.22575
0.233 1.22404
0.234 1.22235
0.235 1.22066
0.236 1.21897
0.237 1.2173
0.238 1.21563
0.239 1.21396
0.24 1.2123
0.241 1.21065
0.242 1.20901
0.243 1.20737
0.244 1.20573
0.245 1.2041
0.246 1.20248
0.247 1.20087
0.248 1.19926
0.249 1.19765
0.25 1.19605
0.251 1.19446
0.252 1.19287
0.253 1.19129
0.254 1.18971
0.255 1.18814
0.256 1.18658
0.257 1.18502
0.258 1.18347
0.259 1.18192
0.26 1.18038
0.261 1.17884
0.262 1.17731
0.263 1.17578
0.264 1.17426
0.265 1.17274
0.266 1.17123
0.267 1.16973
0.268 1.16822
0.269 1.16673
0.27 1.16524
0.271 1.16375
0.272 1.16227
0.273 1.1608
0.274 1.15933
0.275 1.15786
0.276 1.1564
0.277 1.15495
0.278 1.1535
0.279 1.15205
0.28 1.15061
0.281 1.14918
0.282 1.14774
0.283 1.14632
0.284 1.1449
0.285 1.14348
0.286 1.14207
0.287 1.14066
0.288 1.13926
0.289 1.13786
0.29 1.13646
0.291 1.13507
0.292 1.13369
0.293 1.13231
0.294 1.13093
0.295 1.12956
0.296 1.12819
0.297 1.12683
0.298 1.12547
0.299 1.12412
0.3 1.12277
0.301 1.12142
0.302 1.12008
0.303 1.11874
0.304 1.11741
0.305 1.11608
0.306 1.11476
0.307 1.11343
0.308 1.11212
0.309 1.11081
0.31 1.1095
0.311 1.10819
0.312 1.10689
0.313 1.1056
0.314 1.1043
0.315 1.10302
0.316 1.10173
0.317 1.10045
0.318 1.09917
0.319 1.0979
0.32 1.09663
0.321 1.09537
0.322 1.09411
0.323 1.09285
0.324 1.09159
0.325 1.09034
0.326 1.0891
0.327 1.08785
0.328 1.08662
0.329 1.08538
0.33 1.08415
0.331 1.08292
0.332 1.0817
0.333 1.08048
0.334 1.07926
0.335 1.07804
0.336 1.07683
0.337 1.07563
0.338 1.07442
0.339 1.07322
0.34 1.07203
0.341 1.07084
0.342 1.06965
0.343 1.06846
0.344 1.06728
0.345 1.0661
0.346 1.06492
0.347 1.06375
0.348 1.06258
0.349 1.06141
0.35 1.06025
0.351 1.05909
0.352 1.05794
0.353 1.05678
0.354 1.05563
0.355 1.05449
0.356 1.05334
0.357 1.0522
0.358 1.05107
0.359 1.04993
0.36 1.0488
0.361 1.04768
0.362 1.04655
0.363 1.04543
0.364 1.04431
0.365 1.0432
0.366 1.04208
0.367 1.04097
0.368 1.03987
0.369 1.03877
0.37 1.03767
0.371 1.03657
0.372 1.03547
0.373 1.03438
0.374 1.03329
0.375 1.03221
0.376 1.03113
0.377 1.03005
0.378 1.02897
0.379 1.0279
0.38 1.02682
0.381 1.02576
0.382 1.02469
0.383 1.02363
0.384 1.02257
0.385 1.02151
0.386 1.02046
0.387 1.0194
0.388 1.01836
0.389 1.01731
0.39 1.01627
0.391 1.01522
0.392 1.01419
0.393 1.01315
0.394 1.01212
0.395 1.01109
0.396 1.01006
0.397 1.00904
0.398 1.00801
0.399 1.00699
0.4 1.00598
0.401 1.00496
0.402 1.00395
0.403 1.00294
0.404 1.00193
0.405 1.00093
0.406 0.999928
0.407 0.998929
0.408 0.997932
0.409 0.996938
0.41 0.995946
0.411 0.994956
0.412 0.993969
0.413 0.992985
0.414 0.992003
0.415 0.991023
0.416 0.990046
0.417 0.989071
0.418 0.988098
0.419 0.987128
0.42 0.986161
0.421 0.985195
0.422 0.984232
0.423 0.983271
0.424 0.982313
0.425 0.981357
0.426 0.980403
0.427 0.979452
0.428 0.978502
0.429 0.977555
0.43 0.976611
0.431 0.975668
0.432 0.974728
0.433 0.97379
0.434 0.972855
0.435 0.971921
0.436 0.97099
0.437 0.970061
0.438 0.969134
0.439 0.968209
0.44 0.967287
0.441 0.966366
0.442 0.965448
0.443 0.964532
0.444 0.963618
0.445 0.962706
0.446 0.961796
0.447 0.960889
0.448 0.959983
0.449 0.95908
0.45 0.958178
0.451 0.957279
0.452 0.956382
0.453 0.955487
0.454 0.954593
0.455 0.953702
0.456 0.952813
0.457 0.951926
0.458 0.951041
0.459 0.950158
0.46 0.949277
0.461 0.948398
0.462 0.947521
0.463 0.946646
0.464 0.945773
0.465 0.944902
0.466 0.944032
0.467 0.943165
0.468 0.9423
0.469 0.941436
0.47 0.940575
0.471 0.939715
0.472 0.938857
0.473 0.938001
0.474 0.937147
0.475 0.936295
0.476 0.935445
0.477 0.934597
0.478 0.93375
0.479 0.932906
0.48 0.932063
0.481 0.931222
0.482 0.930383
0.483 0.929546
0.484 0.92871
0.485 0.927876
0.486 0.927044
0.487 0.926214
0.488 0.925386
0.489 0.924559
0.49 0.923735
0.491 0.922912
0.492 0.92209
0.493 0.921271
0.494 0.920453
0.495 0.919637
0.496 0.918823
0.497 0.91801
0.498 0.917199
0.499 0.91639
0.5 0.915583
