0.0004 1.9972
0.0008 1.99441
0.0012 1.99164
0.0016 1.98887
0.002 1.98612
0.0024 1.98338
0.0028 1.98065
0.0032 1.97793
0.0036 1.97522
0.004 1.97252
0.0044 1.96984
0.0048 1.96716
0.0052 1.9645
0.0056 1.96185
0.006 1.9592
0.0064 1.95657
0.0068 1.95395
0.0072 1.95134
0.0076 1.94874
0.008 1.94615
0.0084 1.94357
0.0088 1.941
0.0092 1.93844
0.0096 1.93589
0.01 1.93335
0.0104 1.93082
0.0108 1.9283
0.0112 1.9258
0.0116 1.9233
0.012 1.92081
0.0124 1.91832
0.0128 1.91585
0.0132 1.91339
0.0136 1.91094
0.014 1.9085
0.0144 1.90606
0.0148 1.90364
0.0152 1.90123
0.0156 1.89882
0.016 1.89642
0.0164 1.89404
0.0168 1.89166
0.0172 1.88929
0.0176 1.88693
0.018 1.88457
0.0184 1.88223
0.0188 1.8799
0.0192 1.87757
0.0196 1.87525
0.02 1.87294
0.0204 1.87064
0.0208 1.86835
0.0212 1.86607
0.0216 1.86379
0.022 1.86152
0.0224 1.85926
0.0228 1.85701
0.0232 1.85477
0.0236 1.85254
0.024 1.85031
0.0244 1.84809
0.0248 1.84588
0.0252 1.84368
0.0256 1.84148
0.026 1.83929
0.0264 1.83711
0.0268 1.83494
0.0272 1.83278
0.0276 1.83062
0.028 1.82847
0.0284 1.82633
0.0288 1.8242
0.0292 1.82207
0.0296 1.81995
0.03 1.81784
0.0304 1.81573
0.0308 1.81363
0.0312 1.81154
0.0316 1.80946
0.032 1.80738
0.0324 1.80531
0.0328 1.80325
0.0332 1.8012
0.0336 1.79915
0.034 1.79711
0.0344 1.79507
0.0348 1.79304
0.0352 1.79102
0.0356 1.78901
0.036 1.787
0.0364 1.785
0.0368 1.783
0.0372 1.78102
0.0376 1.77904
0.038 1.77706
0.0384 1.77509
0.0388 1.77313
0.0392 1.77118
0.0396 1.76923
0.04 1.76728
0.0404 1.76535
0.0408 1.76342
0.0412 1.76149
0.0416 1.75958
0.042 1.75767
0.0424 1.75576
0.0428 1.75386
0.0432 1.75197
0.0436 1.75008
0.044 1.7482
0.0444 1.74632
0.0448 1.74445
0.0452 1.74259
0.0456 1.74073
0.046 1.73888
0.0464 1.73704
0.0468 1.7352
0.0472 1.73336
0.0476 1.73153
0.048 1.72971
0.0484 1.72789
0.0488 1.72608
0.0492 1.72428
0.0496 1.72248
0.05 1.72068
0.0504 1.71889
0.0508 1.71711
0.0512 1.71533
0.0516 1.71356
0.052 1.71179
0.0524 1.71003
0.0528 1.70827
0.0532 1.70652
0.0536 1.70477
0.054 1.70303
0.0544 1.70129
0.0548 1.69956
0.0552 1.69784
0.0556 1.69612
0.056 1.6944
0.0564 1.69269
0.0568 1.69099
0.0572 1.68929
0.0576 1.68759
0.058 1.6859
0.0584 1.68422
0.0588 1.68254
0.0592 1.68086
0.0596 1.67919
0.06 1.67752
0.0604 1.67586
0.0608 1.67421
0.0612 1.67256
0.0616 1.67091
0.062 1.66927
0.0624 1.66763
0.0628 1.666
0.0632 1.66437
0.0636 1.66275
0.064 1.66113
0.0644 1.65952
0.0648 1.65791
0.0652 1.65631
0.0656 1.65471
0.066 1.65311
0.0664 1.65152
0.0668 1.64993
0.0672 1.64835
0.0676 1.64677
0.068 1.6452
0.0684 1.64363
0.0688 1.64207
0.0692 1.64051
0.0696 1.63895
0.07 1.6374
0.0704 1.63585
0.0708 1.63431
0.0712 1.63277
0.0716 1.63124
0.072 1.62971
0.0724 1.62818
0.0728 1.62666
0.0732 1.62514
0.0736 1.62363
0.074 1.62212
0.0744 1.62062
0.0748 1.61912
0.0752 1.61762
0.0756 1.61613
0.076 1.61464
0.0764 1.61315
0.0768 1.61167
0.0772 1.61019
0.0776 1.60872
0.078 1.60725
0.0784 1.60579
0.0788 1.60432
0.0792 1.60287
0.0796 1.60141
0.08 1.59996
0.0804 1.59852
0.0808 1.59708
0.0812 1.59564
0.0816 1.5942
0.082 1.59277
0.0824 1.59134
0.0828 1.58992
0.0832 1.5885
0.0836 1.58708
0.084 1.58567
0.0844 1.58426
0.0848 1.58286
0.0852 1.58146
0.0856 1.58006
0.086 1.57866
0.0864 1.57727
0.0868 1.57589
0.0872 1.5745
0.0876 1.57312
0.088 1.57175
0.0884 1.57037
0.0888 1.569
0.0892 1.56764
0.0896 1.56627
0.09 1.56492
0.0904 1.56356
0.0908 1.56221
0.0912 1.56086
0.0916 1.55951
0.092 1.55817
0.0924 1.55683
0.0928 1.55549
0.0932 1.55416
0.0936 1.55283
0.094 1.55151
0.0944 1.55019
0.0948 1.54887
0.0952 1.54755
0.0956 1.54624
0.096 1.54493
0.0964 1.54362
0.0968 1.54232
0.0972 1.54102
0.0976 1.53972
0.098 1.53843
0.0984 1.53714
0.0988 1.53585
0.0992 1.53457
0.0996 1.53328
0.1 1.53201
0.1004 1.53073
0.1008 1.52946
0.1012 1.52819
0.1016 1.52692
0.102 1.52566
0.1024 1.5244
0.1028 1.52315
0.1032 1.52189
0.1036 1.52064
0.104 1.51939
0.1044 1.51815
0.1048 1.51691
0.1052 1.51567
0.1056 1.51443
0.106 1.5132
0.1064 1.51197
0.1068 1.51074
0.1072 1.50951
0.1076 1.50829
0.108 1.50707
0.1084 1.50586
0.1088 1.50464
0.1092 1.50343
0.1096 1.50223
0.11 1.50102
0.1104 1.49982
0.1108 1.49862
0.1112 1.49742
0.1116 1.49623
0.112 1.49504
0.1124 1.49385
0.1128 1.49266
0.1132 1.49148
0.1136 1.4903
0.114 1.48912
0.1144 1.48795
0.1148 1.48678
0.1152 1.48561
0.1156 1.48444
0.116 1.48328
0.1164 1.48211
0.1168 1.48095
0.1172 1.4798
0.1176 1.47864
0.118 1.47749
0.1184 1.47634
0.1188 1.4752
0.1192 1.47405
0.1196 1.47291
0.12 1.47177
0.1204 1.47064
0.1208 1.4695
0.1212 1.46837
0.1216 1.46724
0.122 1.46612
0.1224 1.46499
0.1228 1.46387
0.1232 1.46275
0.1236 1.46164
0.124 1.46052
0.1244 1.45941
0.1248 1.4583
0.1252 1.4572
0.1256 1.45609
0.126 1.45499
0.1264 1.45389
0.1268 1.45279
0.1272 1.4517
0.1276 1.45061
0.128 1.44952
0.1284 1.44843
0.1288 1.44734
0.1292 1.44626
0.1296 1.44518
0.13 1.4441
0.1304 1.44303
0.1308 1.44195
0.1312 1.44088
0.1316 1.43981
0.132 1.43874
0.1324 1.43768
0.1328 1.43662
0.1332 1.43556
0.1336 1.4345
0.134 1.43344
0.1344 1.43239
0.1348 1.43134
0.1352 1.43029
0.1356 1.42924
0.136 1.4282
0.1364 1.42715
0.1368 1.42611
0.1372 1.42507
0.1376 1.42404
0.138 1.423
0.1384 1.42197
0.1388 1.42094
0.1392 1.41991
0.1396 1.41889
0.14 1.41787
0.1404 1.41684
0.1408 1.41582
0.1412 1.41481
0.1416 1.41379
0.142 1.41278
0.1424 1.41177
0.1428 1.41076
0.1432 1.40975
0.1436 1.40875
0.144 1.40774
0.1444 1.40674
0.1448 1.40574
0.1452 1.40475
0.1456 1.40375
0.146 1.40276
0.1464 1.40177
0.1468 1.40078
0.1472 1.39979
0.1476 1.39881
0.148 1.39782
0.1484 1.39684
0.1488 1.39586
0.1492 1.39489
0.1496 1.39391
0.15 1.39294
0.1504 1.39197
0.1508 1.391
0.1512 1.39003
0.1516 1.38906
0.152 1.3881
0.1524 1.38714
0.1528 1.38618
0.1532 1.38522
0.1536 1.38426
0.154 1.38331
0.1544 1.38236
0.1548 1.38141
0.1552 1.38046
0.1556 1.37951
0.156 1.37856
0.1564 1.37762
0.1568 1.37668
0.1572 1.37574
0.1576 1.3748
0.158 1.37387
0.1584 1.37293
0.1588 1.372
0.1592 1.37107
0.1596 1.37014
0.16 1.36921
0.1604 1.36829
0.1608 1.36736
0.1612 1.36644
0.1616 1.36552
0.162 1.3646
0.1624 1.36369
0.1628 1.36277
0.1632 1.36186
0.1636 1.36095
0.164 1.36004
0.1644 1.35913
0.1648 1.35822
0.1652 1.35732
0.1656 1.35641
0.166 1.35551
0.1664 1.35461
0.1668 1.35371
0.1672 1.35282
0.1676 1.35192
0.168 1.35103
0.1684 1.35014
0.1688 1.34925
0.1692 1.34836
0.1696 1.34747
0.17 1.34659
0.1704 1.34571
0.1708 1.34483
0.1712 1.34395
0.1716 1.34307
0.172 1.34219
0.1724 1.34131
0.1728 1.34044
0.1732 1.33957
0.1736 1.3387
0.174 1.33783
0.1744 1.33696
0.1748 1.3361
0.1752 1.33523
0.1756 1.33437
0.176 1.33351
0.1764 1.33265
0.1768 1.33179
0.1772 1.33094
0.1776 1.33008
0.178 1.32923
0.1784 1.32838
0.1788 1.32753
0.1792 1.32668
0.1796 1.32583
0.18 1.32498
0.1804 1.32414
0.1808 1.3233
0.1812 1.32246
0.1816 1.32162
0.182 1.32078
0.1824 1.31994
0.1828 1.31911
0.1832 1.31827
0.1836 1.31744
0.184 1.31661
0.1844 1.31578
0.1848 1.31495
0.1852 1.31413
0.1856 1.3133
0.186 1.31248
0.1864 1.31166
0.1868 1.31083
0.1872 1.31002
0.1876 1.3092
0.188 1.30838
0.1884 1.30757
0.1888 1.30675
0.1892 1.30594
0.1896 1.30513
0.19 1.30432
0.1904 1.30351
0.1908 1.30271
0.1912 1.3019
0.1916 1.3011
0.192 1.30029
0.1924 1.29949
0.1928 1.29869
0.1932 1.29789
0.1936 1.2971
0.194 1.2963
0.1944 1.29551
0.1948 1.29471
0.1952 1.29392
0.1956 1.29313
0.196 1.29234
0.1964 1.29156
0.1968 1.29077
0.1972 1.28998
0.1976 1.2892
0.198 1.28842
0.1984 1.28764
0.1988 1.28686
0.1992 1.28608
0.1996 1.2853
0.2 1.28453
0.2004 1.28375
0.2008 1.28298
0.2012 1.28221
0.2016 1.28144
0.202 1.28067
0.2024 1.2799
0.2028 1.27913
0.2032 1.27837
0.2036 1.2776
0.204 1.27684
0.2044 1.27608
0.2048 1.27532
0.2052 1.27456
0.2056 1.2738
0.206 1.27304
0.2064 1.27229
0.2068 1.27153
0.2072 1.27078
0.2076 1.27003
0.208 1.26928
0.2084 1.26853
0.2088 1.26778
0.2092 1.26703
0.2096 1.26629
0.21 1.26554
0.2104 1.2648
0.2108 1.26406
0.2112 1.26331
0.2116 1.26257
0.212 1.26184
0.2124 1.2611
0.2128 1.26036
0.2132 1.25963
0.2136 1.25889
0.214 1.25816
0.2144 1.25743
0.2148 1.2567
0.2152 1.25597
0.2156 1.25524
0.216 1.25451
0.2164 1.25379
0.2168 1.25306
0.2172 1.25234
0.2176 1.25162
0.218 1.2509
0.2184 1.25018
0.2188 1.24946
0.2192 1.24874
0.2196 1.24802
0.22 1.24731
0.2204 1.24659
0.2208 1.24588
0.2212 1.24517
0.2216 1.24446
0.222 1.24375
0.2224 1.24304
0.2228 1.24233
0.2232 1.24162
0.2236 1.24092
0.224 1.24021
0.2244 1.23951
0.2248 1.23881
0.2252 1.23811
0.2256 1.23741
0.226 1.23671
0.2264 1.23601
0.2268 1.23531
0.2272 1.23462
0.2276 1.23392
0.228 1.23323
0.2284 1.23254
0.2288 1.23185
0.2292 1.23116
0.2296 1.23047
0.23 1.22978
0.2304 1.22909
0.2308 1.2284
0.2312 1.22772
0.2316 1.22704
0.232 1.22635
0.2324 1.22567
0.2328 1.22499
0.2332 1.22431
0.2336 1.22363
0.234 1.22295
0.2344 1.22227
0.2348 1.2216
0.2352 1.22092
0.2356 1.22025
0.236 1.21958
0.2364 1.21891
0.2368 1.21823
0.2372 1.21756
0.2376 1.2169
0.238 1.21623
0.2384 1.21556
0.2388 1.21489
0.2392 1.21423
0.2396 1.21357
0.24 1.2129
0.2404 1.21224
0.2408 1.21158
0.2412 1.21092
0.2416 1.21026
0.242 1.2096
0.2424 1.20895
0.2428 1.20829
0.2432 1.20763
0.2436 1.20698
0.244 1.20633
0.2444 1.20568
0.2448 1.20502
0.2452 1.20437
0.2456 1.20372
0.246 1.20308
0.2464 1.20243
0.2468 1.20178
0.2472 1.20114
0.2476 1.20049
0.248 1.19985
0.2484 1.1992
0.2488 1.19856
0.2492 1.19792
0.2496 1.19728
0.25 1.19664
0.2504 1.196
0.2508 1.19537
0.2512 1.19473
0.2516 1.19409
0.252 1.19346
0.2524 1.19283
0.2528 1.19219
0.2532 1.19156
0.2536 1.19093
0.254 1.1903
0.2544 1.18967
0.2548 1.18904
0.2552 1.18842
0.2556 1.18779
0.256 1.18716
0.2564 1.18654
0.2568 1.18592
0.2572 1.18529
0.2576 1.18467
0.258 1.18405
0.2584 1.18343
0.2588 1.18281
0.2592 1.18219
0.2596 1.18157
0.26 1.18096
0.2604 1.18034
0.2608 1.17973
0.2612 1.17911
0.2616 1.1785
0.262 1.17789
0.2624 1.17727
0.2628 1.17666
0.2632 1.17605
0.2636 1.17544
0.264 1.17484
0.2644 1.17423
0.2648 1.17362
0.2652 1.17302
0.2656 1.17241
0.266 1.17181
0.2664 1.1712
0.2668 1.1706
0.2672 1.17
0.2676 1.1694
0.268 1.1688
0.2684 1.1682
0.2688 1.1676
0.2692 1.167
0.2696 1.16641
0.27 1.16581
0.2704 1.16522
0.2708 1.16462
0.2712 1.16403
0.2716 1.16344
0.272 1.16285
0.2724 1.16225
0.2728 1.16166
0.2732 1.16107
0.2736 1.16049
0.274 1.1599
0.2744 1.15931
0.2748 1.15873
0.2752 1.15814
0.2756 1.15755
0.276 1.15697
0.2764 1.15639
0.2768 1.15581
0.2772 1.15522
0.2776 1.15464
0.278 1.15406
0.2784 1.15348
0.2788 1.15291
0.2792 1.15233
0.2796 1.15175
0.28 1.15118
0.2804 1.1506
0.2808 1.15003
0.2812 1.14945
0.2816 1.14888
0.282 1.14831
0.2824 1.14774
0.2828 1.14716
0.2832 1.14659
0.2836 1.14603
0.284 1.14546
0.2844 1.14489
0.2848 1.14432
0.2852 1.14376
0.2856 1.14319
0.286 1.14263
0.2864 1.14206
0.2868 1.1415
0.2872 1.14094
0.2876 1.14037
0.288 1.13981
0.2884 1.13925
0.2888 1.13869
0.2892 1.13813
0.2896 1.13758
0.29 1.13702
0.2904 1.13646
0.2908 1.13591
0.2912 1.13535
0.2916 1.1348
0.292 1.13424
0.2924 1.13369
0.2928 1.13314
0.2932 1.13259
0.2936 1.13203
0.294 1.13148
0.2944 1.13093
0.2948 1.13039
0.2952 1.12984
0.2956 1.12929
0.296 1.12874
0.2964 1.1282
0.2968 1.12765
0.2972 1.12711
0.2976 1.12656
0.298 1.12602
0.2984 1.12548
0.2988 1.12494
0.2992 1.12439
0.2996 1.12385
0.3 1.12331
0.3004 1.12277
0.3008 1.12224
0.3012 1.1217
0.3016 1.12116
0.302 1.12062
0.3024 1.12009
0.3028 1.11955
0.3032 1.11902
0.3036 1.11849
0.304 1.11795
0.3044 1.11742
0.3048 1.11689
0.3052 1.11636
0.3056 1.11583
0.306 1.1153
0.3064 1.11477
0.3068 1.11424
0.3072 1.11371
0.3076 1.11318
0.308 1.11266
0.3084 1.11213
0.3088 1.11161
0.3092 1.11108
0.3096 1.11056
0.31 1.11004
0.3104 1.10951
0.3108 1.10899
0.3112 1.10847
0.3116 1.10795
0.312 1.10743
0.3124 1.10691
0.3128 1.10639
0.3132 1.10587
0.3136 1.10536
0.314 1.10484
0.3144 1.10432
0.3148 1.10381
0.3152 1.10329
0.3156 1.10278
0.316 1.10226
0.3164 1.10175
0.3168 1.10124
0.3172 1.10073
0.3176 1.10022
0.318 1.0997
0.3184 1.0992
0.3188 1.09869
0.3192 1.09818
0.3196 1.09767
0.32 1.09716
0.3204 1.09665
0.3208 1.09615
0.3212 1.09564
0.3216 1.09514
0.322 1.09463
0.3224 1.09413
0.3228 1.09363
0.3232 1.09312
0.3236 1.09262
0.324 1.09212
0.3244 1.09162
0.3248 1.09112
0.3252 1.09062
0.3256 1.09012
0.326 1.08962
0.3264 1.08912
0.3268 1.08863
0.3272 1.08813
0.3276 1.08763
0.328 1.08714
0.3284 1.08664
0.3288 1.08615
0.3292 1.08566
0.3296 1.08516
0.33 1.08467
0.3304 1.08418
0.3308 1.08369
0.3312 1.0832
0.3316 1.08271
0.332 1.08222
0.3324 1.08173
0.3328 1.08124
0.3332 1.08075
0.3336 1.08026
0.334 1.07978
0.3344 1.07929
0.3348 1.0788
0.3352 1.07832
0.3356 1.07783
0.336 1.07735
0.3364 1.07687
0.3368 1.07638
0.3372 1.0759
0.3376 1.07542
0.338 1.07494
0.3384 1.07446
0.3388 1.07398
0.3392 1.0735
0.3396 1.07302
0.34 1.07254
0.3404 1.07206
0.3408 1.07159
0.3412 1.07111
0.3416 1.07063
0.342 1.07016
0.3424 1.06968
0.3428 1.06921
0.3432 1.06873
0.3436 1.06826
0.344 1.06779
0.3444 1.06731
0.3448 1.06684
0.3452 1.06637
0.3456 1.0659
0.346 1.06543
0.3464 1.06496
0.3468 1.06449
0.3472 1.06402
0.3476 1.06355
0.348 1.06309
0.3484 1.06262
0.3488 1.06215
0.3492 1.06169
0.3496 1.06122
0.35 1.06076
0.3504 1.06029
0.3508 1.05983
0.3512 1.05937
0.3516 1.0589
0.352 1.05844
0.3524 1.05798
0.3528 1.05752
0.3532 1.05706
0.3536 1.0566
0.354 1.05614
0.3544 1.05568
0.3548 1.05522
0.3552 1.05476
0.3556 1.0543
0.356 1.05384
0.3564 1.05339
0.3568 1.05293
0.3572 1.05248
0.3576 1.05202
0.358 1.05157
0.3584 1.05111
0.3588 1.05066
0.3592 1.05021
0.3596 1.04975
0.36 1.0493
0.3604 1.04885
0.3608 1.0484
0.3612 1.04795
0.3616 1.0475
0.362 1.04705
0.3624 1.0466
0.3628 1.04615
0.3632 1.0457
0.3636 1.04525
0.364 1.04481
0.3644 1.04436
0.3648 1.04391
0.3652 1.04347
0.3656 1.04302
0.366 1.04258
0.3664 1.04213
0.3668 1.04169
0.3672 1.04125
0.3676 1.0408
0.368 1.04036
0.3684 1.03992
0.3688 1.03948
0.3692 1.03904
0.3696 1.0386
0.37 1.03816
0.3704 1.03772
0.3708 1.03728
0.3712 1.03684
0.3716 1.0364
0.372 1.03596
0.3724 1.03553
0.3728 1.03509
0.3732 1.03465
0.3736 1.03422
0.374 1.03378
0.3744 1.03335
0.3748 1.03291
0.3752 1.03248
0.3756 1.03204
0.376 1.03161
0.3764 1.03118
0.3768 1.03075
0.3772 1.03032
0.3776 1.02988
0.378 1.02945
0.3784 1.02902
0.3788 1.02859
0.3792 1.02816
0.3796 1.02774
0.38 1.02731
0.3804 1.02688
0.3808 1.02645
0.3812 1.02602
0.3816 1.0256
0.382 1.02517
0.3824 1.02475
0.3828 1.02432
0.3832 1.0239
0.3836 1.02347
0.384 1.02305
0.3844 1.02262
0.3848 1.0222
0.3852 1.02178
0.3856 1.02136
0.386 1.02093
0.3864 1.02051
0.3868 1.02009
0.3872 1.01967
0.3876 1.01925
0.388 1.01883
0.3884 1.01841
0.3888 1.01799
0.3892 1.01758
0.3896 1.01716
0.39 1.01674
0.3904 1.01632
0.3908 1.01591
0.3912 1.01549
0.3916 1.01508
0.392 1.01466
0.3924 1.01425
0.3928 1.01383
0.3932 1.01342
0.3936 1.013
0.394 1.01259
0.3944 1.01218
0.3948 1.01177
0.3952 1.01135
0.3956 1.01094
0.396 1.01053
0.3964 1.01012
0.3968 1.00971
0.3972 1.0093
0.3976 1.00889
0.398 1.00848
0.3984 1.00807
0.3988 1.00767
0.3992 1.00726
0.3996 1.00685
0.4 1.00644
0.4004 1.00604
0.4008 1.00563
0.4012 1.00523
0.4016 1.00482
0.402 1.00442
0.4024 1.00401
0.4028 1.00361
0.4032 1.0032
0.4036 1.0028
0.404 1.0024
0.4044 1.002
0.4048 1.00159
0.4052 1.00119
0.4056 1.00079
0.406 1.00039
0.4064 0.999991
0.4068 0.999591
0.4072 0.999192
0.4076 0.998793
0.408 0.998394
0.4084 0.997996
0.4088 0.997598
0.4092 0.9972
0.4096 0.996803
0.41 0.996406
0.4104 0.99601
0.4108 0.995614
0.4112 0.995218
0.4116 0.994823
0.412 0.994429
0.4124 0.994034
0.4128 0.99364
0.4132 0.993247
0.4136 0.992853
0.414 0.992461
0.4144 0.992068
0.4148 0.991676
0.4152 0.991284
0.4156 0.990893
0.416 0.990502
0.4164 0.990112
0.4168 0.989722
0.4172 0.989332
0.4176 0.988942
0.418 0.988553
0.4184 0.988165
0.4188 0.987777
0.4192 0.987389
0.4196 0.987001
0.42 0.986614
0.4204 0.986227
0.4208 0.985841
0.4212 0.985455
0.4216 0.98507
0.422 0.984684
0.4224 0.9843
0.4228 0.983915
0.4232 0.983531
0.4236 0.983147
0.424 0.982764
0.4244 0.982381
0.4248 0.981998
0.4252 0.981616
0.4256 0.981234
0.426 0.980853
0.4264 0.980472
0.4268 0.980091
0.4272 0.97971
0.4276 0.97933
0.428 0.978951
0.4284 0.978571
0.4288 0.978192
0.4292 0.977814
0.4296 0.977436
0.43 0.977058
0.4304 0.97668
0.4308 0.976303
0.4312 0.975926
0.4316 0.97555
0.432 0.975174
0.4324 0.974798
0.4328 0.974423
0.4332 0.974048
0.4336 0.973673
0.434 0.973299
0.4344 0.972925
0.4348 0.972551
0.4352 0.972178
0.4356 0.971805
0.436 0.971433
0.4364 0.97106
0.4368 0.970689
0.4372 0.970317
0.4376 0.969946
0.438 0.969575
0.4384 0.969205
0.4388 0.968835
0.4392 0.968465
0.4396 0.968096
0.44 0.967727
0.4404 0.967358
0.4408 0.96699
0.4412 0.966622
0.4416 0.966254
0.442 0.965887
0.4424 0.96552
0.4428 0.965153
0.4432 0.964787
0.4436 0.964421
0.444 0.964055
0.4444 0.96369
0.4448 0.963325
0.4452 0.962961
0.4456 0.962596
0.446 0.962232
0.4464 0.961869
0.4468 0.961506
0.4472 0.961143
0.4476 0.96078
0.448 0.960418
0.4484 0.960056
0.4488 0.959695
0.4492 0.959333
0.4496 0.958972
0.45 0.958612
0.4504 0.958252
0.4508 0.957892
0.4512 0.957532
0.4516 0.957173
0.452 0.956814
0.4524 0.956456
0.4528 0.956097
0.4532 0.955739
0.4536 0.955382
0.454 0.955025
0.4544 0.954668
0.4548 0.954311
0.4552 0.953955
0.4556 0.953599
0.456 0.953243
0.4564 0.952888
0.4568 0.952533
0.4572 0.952178
0.4576 0.951824
0.458 0.95147
0.4584 0.951116
0.4588 0.950763
0.4592 0.95041
0.4596 0.950057
0.46 0.949704
0.4604 0.949352
0.4608 0.949
0.4612 0.948649
0.4616 0.948298
0.462 0.947947
0.4624 0.947596
0.4628 0.947246
0.4632 0.946896
0.4636 0.946547
0.464 0.946197
0.4644 0.945848
0.4648 0.9455
0.4652 0.945152
0.4656 0.944803
0.466 0.944456
0.4664 0.944108
0.4668 0.943761
0.4672 0.943414
0.4676 0.943068
0.468 0.942722
0.4684 0.942376
0.4688 0.94203
0.4692 0.941685
0.4696 0.94134
0.47 0.940996
0.4704 0.940651
0.4708 0.940307
0.4712 0.939964
0.4716 0.93962
0.472 0.939277
0.4724 0.938934
0.4728 0.938592
0.4732 0.93825
0.4736 0.937908
0.474 0.937566
0.4744 0.937225
0.4748 0.936884
0.4752 0.936543
0.4756 0.936203
0.476 0.935863
0.4764 0.935523
0.4768 0.935183
0.4772 0.934844
0.4776 0.934505
0.478 0.934166
0.4784 0.933828
0.4788 0.93349
0.4792 0.933152
0.4796 0.932815
0.48 0.932478
0.4804 0.932141
0.4808 0.931804
0.4812 0.931468
0.4816 0.931132
0.482 0.930797
0.4824 0.930461
0.4828 0.930126
0.4832 0.929791
0.4836 0.929457
0.484 0.929123
0.4844 0.928789
0.4848 0.928455
0.4852 0.928122
0.4856 0.927788
0.486 0.927456
0.4864 0.927123
0.4868 0.926791
0.4872 0.926459
0.4876 0.926127
0.488 0.925796
0.4884 0.925465
0.4888 0.925134
0.4892 0.924804
0.4896 0.924473
0.49 0.924144
0.4904 0.923814
0.4908 0.923485
0.4912 0.923155
0.4916 0.922827
0.492 0.922498
0.4924 0.92217
0.4928 0.921842
0.4932 0.921514
0.4936 0.921187
0.494 0.92086
0.4944 0.920533
0.4948 0.920206
0.4952 0.91988
0.4956 0.919554
0.496 0.919228
0.4964 0.918903
0.4968 0.918577
0.4972 0.918252
0.4976 0.917928
0.498 0.917603
0.4984 0.917279
0.4988 0.916956
0.4992 0.916632
0.4996 0.916309
0.5 0.915986
