0.000333333 1.99767
0.000666667 1.99534
0.001 1.99303
0.00133333 1.99072
0.00166667 1.98842
0.002 1.98612
0.00233333 1.98384
0.00266667 1.98156
0.003 1.97929
0.00333333 1.97703
0.00366667 1.97478
0.004 1.97253
0.00433333 1.97029
0.00466667 1.96806
0.005 1.96584
0.00533333 1.96363
0.00566667 1.96142
0.006 1.95922
0.00633333 1.95702
0.00666667 1.95484
0.007 1.95266
0.00733333 1.95049
0.00766667 1.94832
0.008 1.94617
0.00833333 1.94402
0.00866667 1.94187
0.009 1.93974
0.00933333 1.93761
0.00966667 1.93549
0.01 1.93337
0.0103333 1.93127
0.0106667 1.92916
0.011 1.92707
0.0113333 1.92498
0.0116667 1.9229
0.012 1.92083
0.0123333 1.91876
0.0126667 1.9167
0.013 1.91465
0.0133333 1.9126
0.0136667 1.91056
0.014 1.90852
0.0143333 1.9065
0.0146667 1.90447
0.015 1.90246
0.0153333 1.90045
0.0156667 1.89845
0.016 1.89645
0.0163333 1.89446
0.0166667 1.89248
0.017 1.8905
0.0173333 1.88853
0.0176667 1.88656
0.018 1.88461
0.0183333 1.88265
0.0186667 1.88071
0.019 1.87876
0.0193333 1.87683
0.0196667 1.8749
0.02 1.87298
0.0203333 1.87106
0.0206667 1.86915
0.021 1.86724
0.0213333 1.86534
0.0216667 1.86345
0.022 1.86156
0.0223333 1.85968
0.0226667 1.8578
0.023 1.85593
0.0233333 1.85406
0.0236667 1.8522
0.024 1.85035
0.0243333 1.8485
0.0246667 1.84666
0.025 1.84482
0.0253333 1.84298
0.0256667 1.84116
0.026 1.83933
0.0263333 1.83752
0.0266667 1.83571
0.027 1.8339
0.0273333 1.8321
0.0276667 1.8303
0.028 1.82851
0.0283333 1.82673
0.0286667 1.82495
0.029 1.82317
0.0293333 1.8214
0.0296667 1.81964
0.03 1.81788
0.0303333 1.81613
0.0306667 1.81438
0.031 1.81263
0.0313333 1.81089
0.0316667 1.80916
0.032 1.80743
0.0323333 1.8057
0.0326667 1.80398
0.033 1.80227
0.0333333 1.80056
0.0336667 1.79885
0.034 1.79715
0.0343333 1.79546
0.0346667 1.79377
0.035 1.79208
0.0353333 1.7904
0.0356667 1.78872
0.036 1.78705
0.0363333 1.78538
0.0366667 1.78372
0.037 1.78206
0.0373333 1.78041
0.0376667 1.77876
0.038 1.77711
0.0383333 1.77547
0.0386667 1.77384
0.039 1.77221
0.0393333 1.77058
0.0396667 1.76896
0.04 1.76734
0.0403333 1.76572
0.0406667 1.76411
0.041 1.76251
0.0413333 1.76091
0.0416667 1.75931
0.042 1.75772
0.0423333 1.75613
0.0426667 1.75455
0.043 1.75297
0.0433333 1.75139
0.0436667 1.74982
0.044 1.74826
0.0443333 1.74669
0.0446667 1.74513
0.045 1.74358
0.0453333 1.74203
0.0456667 1.74048
0.046 1.73894
0.0463333 1.7374
0.0466667 1.73587
0.047 1.73434
0.0473333 1.73281
0.0476667 1.73129
0.048 1.72977
0.0483333 1.72825
0.0486667 1.72674
0.049 1.72524
0.0493333 1.72373
0.0496667 1.72224
0.05 1.72074
0.0503333 1.71925
0.0506667 1.71776
0.051 1.71628
0.0513333 1.7148
0.0516667 1.71332
0.052 1.71185
0.0523333 1.71038
0.0526667 1.70891
0.053 1.70745
0.0533333 1.706
0.0536667 1.70454
0.054 1.70309
0.0543333 1.70164
0.0546667 1.7002
0.055 1.69876
0.0553333 1.69733
0.0556667 1.69589
0.056 1.69446
0.0563333 1.69304
0.0566667 1.69162
0.057 1.6902
0.0573333 1.68878
0.0576667 1.68737
0.058 1.68596
0.0583333 1.68456
0.0586667 1.68316
0.059 1.68176
0.0593333 1.68037
0.0596667 1.67898
0.06 1.67759
0.0603333 1.6762
0.0606667 1.67482
0.061 1.67345
0.0613333 1.67207
0.0616667 1.6707
0.062 1.66933
0.0623333 1.66797
0.0626667 1.66661
0.063 1.66525
0.0633333 1.6639
0.0636667 1.66255
0.064 1.6612
0.0643333 1.65985
0.0646667 1.65851
0.065 1.65717
0.0653333 1.65584
0.0656667 1.65451
0.066 1.65318
0.0663333 1.65185
0.0666667 1.65053
0.067 1.64921
0.0673333 1.64789
0.0676667 1.64658
0.068 1.64527
0.0683333 1.64396
0.0686667 1.64266
0.069 1.64136
0.0693333 1.64006
0.0696667 1.63876
0.07 1.63747
0.0703333 1.63618
0.0706667 1.63489
0.071 1.63361
0.0713333 1.63233
0.0716667 1.63105
0.072 1.62978
0.0723333 1.62851
0.0726667 1.62724
0.073 1.62597
0.0733333 1.62471
0.0736667 1.62345
0.074 1.62219
0.0743333 1.62094
0.0746667 1.61968
0.075 1.61844
0.0753333 1.61719
0.0756667 1.61595
0.076 1.61471
0.0763333 1.61347
0.0766667 1.61223
0.077 1.611
0.0773333 1.60977
0.0776667 1.60854
0.078 1.60732
0.0783333 1.6061
0.0786667 1.60488
0.079 1.60367
0.0793333 1.60245
0.0796667 1.60124
0.08 1.60003
0.0803333 1.59883
0.0806667 1.59763
0.081 1.59643
0.0813333 1.59523
0.0816667 1.59403
0.082 1.59284
0.0823333 1.59165
0.0826667 1.59047
0.083 1.58928
0.0833333 1.5881
0.0836667 1.58692
0.084 1.58574
0.0843333 1.58457
0.0846667 1.5834
0.085 1.58223
0.0853333 1.58106
0.0856667 1.5799
0.086 1.57874
0.0863333 1.57758
0.0866667 1.57642
0.087 1.57527
0.0873333 1.57411
0.0876667 1.57296
0.088 1.57182
0.0883333 1.57067
0.0886667 1.56953
0.089 1.56839
0.0893333 1.56725
0.0896667 1.56612
0.09 1.56499
0.0903333 1.56386
0.0906667 1.56273
0.091 1.5616
0.0913333 1.56048
0.0916667 1.55936
0.092 1.55824
0.0923333 1.55713
0.0926667 1.55601
0.093 1.5549
0.0933333 1.55379
0.0936667 1.55268
0.094 1.55158
0.0943333 1.55048
0.0946667 1.54938
0.095 1.54828
0.0953333 1.54718
0.0956667 1.54609
0.096 1.545
0.0963333 1.54391
0.0966667 1.54283
0.097 1.54174
0.0973333 1.54066
0.0976667 1.53958
0.098 1.5385
0.0983333 1.53743
0.0986667 1.53635
0.099 1.53528
0.0993333 1.53421
0.0996667 1.53314
0.1 1.53208
0.100333 1.53102
0.100667 1.52996
0.101 1.5289
0.101333 1.52784
0.101667 1.52679
0.102 1.52574
0.102333 1.52469
0.102667 1.52364
0.103 1.52259
0.103333 1.52155
0.103667 1.52051
0.104 1.51947
0.104333 1.51843
0.104667 1.51739
0.105 1.51636
0.105333 1.51533
0.105667 1.5143
0.106 1.51327
0.106333 1.51225
0.106667 1.51122
0.107 1.5102
0.107333 1.50918
0.107667 1.50816
0.108 1.50715
0.108333 1.50613
0.108667 1.50512
0.109 1.50411
0.109333 1.5031
0.109667 1.5021
0.11 1.5011
0.110333 1.50009
0.110667 1.49909
0.111 1.4981
0.111333 1.4971
0.111667 1.4961
0.112 1.49511
0.112333 1.49412
0.112667 1.49313
0.113 1.49215
0.113333 1.49116
0.113667 1.49018
0.114 1.4892
0.114333 1.48822
0.114667 1.48724
0.115 1.48627
0.115333 1.48529
0.115667 1.48432
0.116 1.48335
0.116333 1.48238
0.116667 1.48141
0.117 1.48045
0.117333 1.47949
0.117667 1.47853
0.118 1.47757
0.118333 1.47661
0.118667 1.47565
0.119 1.4747
0.119333 1.47375
0.119667 1.4728
0.12 1.47185
0.120333 1.4709
0.120667 1.46996
0.121 1.46901
0.121333 1.46807
0.121667 1.46713
0.122 1.46619
0.122333 1.46526
0.122667 1.46432
0.123 1.46339
0.123333 1.46246
0.123667 1.46153
0.124 1.4606
0.124333 1.45967
0.124667 1.45875
0.125 1.45782
0.125333 1.4569
0.125667 1.45598
0.126 1.45507
0.126333 1.45415
0.126667 1.45323
0.127 1.45232
0.127333 1.45141
0.127667 1.4505
0.128 1.44959
0.128333 1.44869
0.128667 1.44778
0.129 1.44688
0.129333 1.44598
0.129667 1.44508
0.13 1.44418
0.130333 1.44328
0.130667 1.44238
0.131 1.44149
0.131333 1.4406
0.131667 1.43971
0.132 1.43882
0.132333 1.43793
0.132667 1.43705
0.133 1.43616
0.133333 1.43528
0.133667 1.4344
0.134 1.43352
0.134333 1.43264
0.134667 1.43176
0.135 1.43089
0.135333 1.43001
0.135667 1.42914
0.136 1.42827
0.136333 1.4274
0.136667 1.42653
0.137 1.42567
0.137333 1.4248
0.137667 1.42394
0.138 1.42308
0.138333 1.42222
0.138667 1.42136
0.139 1.4205
0.139333 1.41965
0.139667 1.41879
0.14 1.41794
0.140333 1.41709
0.140667 1.41624
0.141 1.41539
0.141333 1.41454
0.141667 1.4137
0.142 1.41285
0.142333 1.41201
0.142667 1.41117
0.143 1.41033
0.143333 1.40949
0.143667 1.40865
0.144 1.40782
0.144333 1.40698
0.144667 1.40615
0.145 1.40532
0.145333 1.40449
0.145667 1.40366
0.146 1.40283
0.146333 1.40201
0.146667 1.40118
0.147 1.40036
0.147333 1.39954
0.147667 1.39872
0.148 1.3979
0.148333 1.39708
0.148667 1.39626
0.149 1.39545
0.149333 1.39464
0.149667 1.39382
0.15 1.39301
0.150333 1.3922
0.150667 1.39139
0.151 1.39059
0.151333 1.38978
0.151667 1.38898
0.152 1.38817
0.152333 1.38737
0.152667 1.38657
0.153 1.38577
0.153333 1.38497
0.153667 1.38418
0.154 1.38338
0.154333 1.38259
0.154667 1.3818
0.155 1.381
0.155333 1.38021
0.155667 1.37943
0.156 1.37864
0.156333 1.37785
0.156667 1.37707
0.157 1.37628
0.157333 1.3755
0.157667 1.37472
0.158 1.37394
0.158333 1.37316
0.158667 1.37238
0.159 1.37161
0.159333 1.37083
0.159667 1.37006
0.16 1.36929
0.160333 1.36851
0.160667 1.36774
0.161 1.36697
0.161333 1.36621
0.161667 1.36544
0.162 1.36468
0.162333 1.36391
0.162667 1.36315
0.163 1.36239
0.163333 1.36163
0.163667 1.36087
0.164 1.36011
0.164333 1.35935
0.164667 1.3586
0.165 1.35784
0.165333 1.35709
0.165667 1.35634
0.166 1.35558
0.166333 1.35484
0.166667 1.35409
0.167 1.35334
0.167333 1.35259
0.167667 1.35185
0.168 1.3511
0.168333 1.35036
0.168667 1.34962
0.169 1.34888
0.169333 1.34814
0.169667 1.3474
0.17 1.34666
0.170333 1.34593
0.170667 1.34519
0.171 1.34446
0.171333 1.34372
0.171667 1.34299
0.172 1.34226
0.172333 1.34153
0.172667 1.3408
0.173 1.34008
0.173333 1.33935
0.173667 1.33863
0.174 1.3379
0.174333 1.33718
0.174667 1.33646
0.175 1.33574
0.175333 1.33502
0.175667 1.3343
0.176 1.33358
0.176333 1.33287
0.176667 1.33215
0.177 1.33144
0.177333 1.33072
0.177667 1.33001
0.178 1.3293
0.178333 1.32859
0.178667 1.32788
0.179 1.32717
0.179333 1.32647
0.179667 1.32576
0.18 1.32506
0.180333 1.32435
0.180667 1.32365
0.181 1.32295
0.181333 1.32225
0.181667 1.32155
0.182 1.32085
0.182333 1.32015
0.182667 1.31946
0.183 1.31876
0.183333 1.31807
0.183667 1.31737
0.184 1.31668
0.184333 1.31599
0.184667 1.3153
0.185 1.31461
0.185333 1.31392
0.185667 1.31324
0.186 1.31255
0.186333 1.31186
0.186667 1.31118
0.187 1.3105
0.187333 1.30981
0.187667 1.30913
0.188 1.30845
0.188333 1.30777
0.188667 1.30709
0.189 1.30642
0.189333 1.30574
0.189667 1.30507
0.19 1.30439
0.190333 1.30372
0.190667 1.30305
0.191 1.30237
0.191333 1.3017
0.191667 1.30103
0.192 1.30036
0.192333 1.2997
0.192667 1.29903
0.193 1.29836
0.193333 1.2977
0.193667 1.29704
0.194 1.29637
0.194333 1.29571
0.194667 1.29505
0.195 1.29439
0.195333 1.29373
0.195667 1.29307
0.196 1.29241
0.196333 1.29176
0.196667 1.2911
0.197 1.29045
0.197333 1.28979
0.197667 1.28914
0.198 1.28849
0.198333 1.28784
0.198667 1.28719
0.199 1.28654
0.199333 1.28589
0.199667 1.28524
0.2 1.2846
0.200333 1.28395
0.200667 1.28331
0.201 1.28266
0.201333 1.28202
0.201667 1.28138
0.202 1.28074
0.202333 1.2801
0.202667 1.27946
0.203 1.27882
0.203333 1.27818
0.203667 1.27754
0.204 1.27691
0.204333 1.27627
0.204667 1.27564
0.205 1.27501
0.205333 1.27437
0.205667 1.27374
0.206 1.27311
0.206333 1.27248
0.206667 1.27185
0.207 1.27122
0.207333 1.2706
0.207667 1.26997
0.208 1.26935
0.208333 1.26872
0.208667 1.2681
0.209 1.26747
0.209333 1.26685
0.209667 1.26623
0.21 1.26561
0.210333 1.26499
0.210667 1.26437
0.211 1.26375
0.211333 1.26314
0.211667 1.26252
0.212 1.26191
0.212333 1.26129
0.212667 1.26068
0.213 1.26006
0.213333 1.25945
0.213667 1.25884
0.214 1.25823
0.214333 1.25762
0.214667 1.25701
0.215 1.2564
0.215333 1.2558
0.215667 1.25519
0.216 1.25458
0.216333 1.25398
0.216667 1.25337
0.217 1.25277
0.217333 1.25217
0.217667 1.25157
0.218 1.25097
0.218333 1.25037
0.218667 1.24977
0.219 1.24917
0.219333 1.24857
0.219667 1.24797
0.22 1.24738
0.220333 1.24678
0.220667 1.24619
0.221 1.24559
0.221333 1.245
0.221667 1.24441
0.222 1.24382
0.222333 1.24323
0.222667 1.24264
0.223 1.24205
0.223333 1.24146
0.223667 1.24087
0.224 1.24028
0.224333 1.2397
0.224667 1.23911
0.225 1.23853
0.225333 1.23794
0.225667 1.23736
0.226 1.23678
0.226333 1.2362
0.226667 1.23561
0.227 1.23503
0.227333 1.23445
0.227667 1.23388
0.228 1.2333
0.228333 1.23272
0.228667 1.23214
0.229 1.23157
0.229333 1.23099
0.229667 1.23042
0.23 1.22985
0.230333 1.22927
0.230667 1.2287
0.231 1.22813
0.231333 1.22756
0.231667 1.22699
0.232 1.22642
0.232333 1.22585
0.232667 1.22528
0.233 1.22472
0.233333 1.22415
0.233667 1.22358
0.234 1.22302
0.234333 1.22245
0.234667 1.22189
0.235 1.22133
0.235333 1.22077
0.235667 1.2202
0.236 1.21964
0.236333 1.21908
0.236667 1.21852
0.237 1.21797
0.237333 1.21741
0.237667 1.21685
0.238 1.21629
0.238333 1.21574
0.238667 1.21518
0.239 1.21463
0.239333 1.21408
0.239667 1.21352
0.24 1.21297
0.240333 1.21242
0.240667 1.21187
0.241 1.21132
0.241333 1.21077
0.241667 1.21022
0.242 1.20967
0.242333 1.20912
0.242667 1.20857
0.243 1.20803
0.243333 1.20748
0.243667 1.20694
0.244 1.20639
0.244333 1.20585
0.244667 1.20531
0.245 1.20476
0.245333 1.20422
0.245667 1.20368
0.246 1.20314
0.246333 1.2026
0.246667 1.20206
0.247 1.20152
0.247333 1.20099
0.247667 1.20045
0.248 1.19991
0.248333 1.19938
0.248667 1.19884
0.249 1.19831
0.249333 1.19777
0.249667 1.19724
0.25 1.19671
0.250333 1.19618
0.250667 1.19564
0.251 1.19511
0.251333 1.19458
0.251667 1.19405
0.252 1.19353
0.252333 1.193
0.252667 1.19247
0.253 1.19194
0.253333 1.19142
0.253667 1.19089
0.254 1.19037
0.254333 1.18984
0.254667 1.18932
0.255 1.18879
0.255333 1.18827
0.255667 1.18775
0.256 1.18723
0.256333 1.18671
0.256667 1.18619
0.257 1.18567
0.257333 1.18515
0.257667 1.18463
0.258 1.18411
0.258333 1.1836
0.258667 1.18308
0.259 1.18257
0.259333 1.18205
0.259667 1.18154
0.26 1.18102
0.260333 1.18051
0.260667 1.18
0.261 1.17948
0.261333 1.17897
0.261667 1.17846
0.262 1.17795
0.262333 1.17744
0.262667 1.17693
0.263 1.17642
0.263333 1.17591
0.263667 1.17541
0.264 1.1749
0.264333 1.17439
0.264667 1.17389
0.265 1.17338
0.265333 1.17288
0.265667 1.17237
0.266 1.17187
0.266333 1.17137
0.266667 1.17087
0.267 1.17036
0.267333 1.16986
0.267667 1.16936
0.268 1.16886
0.268333 1.16836
0.268667 1.16786
0.269 1.16737
0.269333 1.16687
0.269667 1.16637
0.27 1.16588
0.270333 1.16538
0.270667 1.16488
0.271 1.16439
0.271333 1.1639
0.271667 1.1634
0.272 1.16291
0.272333 1.16242
0.272667 1.16192
0.273 1.16143
0.273333 1.16094
0.273667 1.16045
0.274 1.15996
0.274333 1.15947
0.274667 1.15898
0.275 1.1585
0.275333 1.15801
0.275667 1.15752
0.276 1.15703
0.276333 1.15655
0.276667 1.15606
0.277 1.15558
0.277333 1.15509
0.277667 1.15461
0.278 1.15413
0.278333 1.15364
0.278667 1.15316
0.279 1.15268
0.279333 1.1522
0.279667 1.15172
0.28 1.15124
0.280333 1.15076
0.280667 1.15028
0.281 1.1498
0.281333 1.14932
0.281667 1.14885
0.282 1.14837
0.282333 1.14789
0.282667 1.14742
0.283 1.14694
0.283333 1.14647
0.283667 1.14599
0.284 1.14552
0.284333 1.14505
0.284667 1.14457
0.285 1.1441
0.285333 1.14363
0.285667 1.14316
0.286 1.14269
0.286333 1.14222
0.286667 1.14175
0.287 1.14128
0.287333 1.14081
0.287667 1.14034
0.288 1.13987
0.288333 1.13941
0.288667 1.13894
0.289 1.13848
0.289333 1.13801
0.289667 1.13754
0.29 1.13708
0.290333 1.13662
0.290667 1.13615
0.291 1.13569
0.291333 1.13523
0.291667 1.13477
0.292 1.1343
0.292333 1.13384
0.292667 1.13338
0.293 1.13292
0.293333 1.13246
0.293667 1.132
0.294 1.13155
0.294333 1.13109
0.294667 1.13063
0.295 1.13017
0.295333 1.12972
0.295667 1.12926
0.296 1.1288
0.296333 1.12835
0.296667 1.12789
0.297 1.12744
0.297333 1.12699
0.297667 1.12653
0.298 1.12608
0.298333 1.12563
0.298667 1.12518
0.299 1.12473
0.299333 1.12427
0.299667 1.12382
0.3 1.12337
0.300333 1.12292
0.300667 1.12248
0.301 1.12203
0.301333 1.12158
0.301667 1.12113
0.302 1.12068
0.302333 1.12024
0.302667 1.11979
0.303 1.11935
0.303333 1.1189
0.303667 1.11846
0.304 1.11801
0.304333 1.11757
0.304667 1.11713
0.305 1.11668
0.305333 1.11624
0.305667 1.1158
0.306 1.11536
0.306333 1.11492
0.306667 1.11448
0.307 1.11404
0.307333 1.1136
0.307667 1.11316
0.308 1.11272
0.308333 1.11228
0.308667 1.11184
0.309 1.1114
0.309333 1.11097
0.309667 1.11053
0.31 1.1101
0.310333 1.10966
0.310667 1.10922
0.311 1.10879
0.311333 1.10836
0.311667 1.10792
0.312 1.10749
0.312333 1.10706
0.312667 1.10662
0.313 1.10619
0.313333 1.10576
0.313667 1.10533
0.314 1.1049
0.314333 1.10447
0.314667 1.10404
0.315 1.10361
0.315333 1.10318
0.315667 1.10275
0.316 1.10232
0.316333 1.1019
0.316667 1.10147
0.317 1.10104
0.317333 1.10062
0.317667 1.10019
0.318 1.09976
0.318333 1.09934
0.318667 1.09891
0.319 1.09849
0.319333 1.09807
0.319667 1.09764
0.32 1.09722
0.320333 1.0968
0.320667 1.09638
0.321 1.09595
0.321333 1.09553
0.321667 1.09511
0.322 1.09469
0.322333 1.09427
0.322667 1.09385
0.323 1.09343
0.323333 1.09301
0.323667 1.0926
0.324 1.09218
0.324333 1.09176
0.324667 1.09134
0.325 1.09093
0.325333 1.09051
0.325667 1.0901
0.326 1.08968
0.326333 1.08927
0.326667 1.08885
0.327 1.08844
0.327333 1.08802
0.327667 1.08761
0.328 1.0872
0.328333 1.08678
0.328667 1.08637
0.329 1.08596
0.329333 1.08555
0.329667 1.08514
0.33 1.08473
0.330333 1.08432
0.330667 1.08391
0.331 1.0835
0.331333 1.08309
0.331667 1.08268
0.332 1.08227
0.332333 1.08187
0.332667 1.08146
0.333 1.08105
0.333333 1.08065
0.333667 1.08024
0.334 1.07983
0.334333 1.07943
0.334667 1.07902
0.335 1.07862
0.335333 1.07821
0.335667 1.07781
0.336 1.07741
0.336333 1.077
0.336667 1.0766
0.337 1.0762
0.337333 1.0758
0.337667 1.0754
0.338 1.075
0.338333 1.0746
0.338667 1.0742
0.339 1.0738
0.339333 1.0734
0.339667 1.073
0.34 1.0726
0.340333 1.0722
0.340667 1.0718
0.341 1.0714
0.341333 1.07101
0.341667 1.07061
0.342 1.07021
0.342333 1.06982
0.342667 1.06942
0.343 1.06903
0.343333 1.06863
0.343667 1.06824
0.344 1.06784
0.344333 1.06745
0.344667 1.06706
0.345 1.06666
0.345333 1.06627
0.345667 1.06588
0.346 1.06549
0.346333 1.0651
0.346667 1.0647
0.347 1.06431
0.347333 1.06392
0.347667 1.06353
0.348 1.06314
0.348333 1.06275
0.348667 1.06237
0.349 1.06198
0.349333 1.06159
0.349667 1.0612
0.35 1.06081
0.350333 1.06043
0.350667 1.06004
0.351 1.05965
0.351333 1.05927
0.351667 1.05888
0.352 1.0585
0.352333 1.05811
0.352667 1.05773
0.353 1.05734
0.353333 1.05696
0.353667 1.05658
0.354 1.05619
0.354333 1.05581
0.354667 1.05543
0.355 1.05504
0.355333 1.05466
0.355667 1.05428
0.356 1.0539
0.356333 1.05352
0.356667 1.05314
0.357 1.05276
0.357333 1.05238
0.357667 1.052
0.358 1.05162
0.358333 1.05124
0.358667 1.05087
0.359 1.05049
0.359333 1.05011
0.359667 1.04973
0.36 1.04936
0.360333 1.04898
0.360667 1.0486
0.361 1.04823
0.361333 1.04785
0.361667 1.04748
0.362 1.0471
0.362333 1.04673
0.362667 1.04635
0.363 1.04598
0.363333 1.04561
0.363667 1.04523
0.364 1.04486
0.364333 1.04449
0.364667 1.04412
0.365 1.04374
0.365333 1.04337
0.365667 1.043
0.366 1.04263
0.366333 1.04226
0.366667 1.04189
0.367 1.04152
0.367333 1.04115
0.367667 1.04078
0.368 1.04041
0.368333 1.04005
0.368667 1.03968
0.369 1.03931
0.369333 1.03894
0.369667 1.03858
0.37 1.03821
0.370333 1.03784
0.370667 1.03748
0.371 1.03711
0.371333 1.03675
0.371667 1.03638
0.372 1.03602
0.372333 1.03565
0.372667 1.03529
0.373 1.03492
0.373333 1.03456
0.373667 1.0342
0.374 1.03384
0.374333 1.03347
0.374667 1.03311
0.375 1.03275
0.375333 1.03239
0.375667 1.03203
0.376 1.03167
0.376333 1.0313
0.376667 1.03094
0.377 1.03058
0.377333 1.03023
0.377667 1.02987
0.378 1.02951
0.378333 1.02915
0.378667 1.02879
0.379 1.02843
0.379333 1.02807
0.379667 1.02772
0.38 1.02736
0.380333 1.027
0.380667 1.02665
0.381 1.02629
0.381333 1.02594
0.381667 1.02558
0.382 1.02522
0.382333 1.02487
0.382667 1.02452
0.383 1.02416
0.383333 1.02381
0.383667 1.02345
0.384 1.0231
0.384333 1.02275
0.384667 1.02239
0.385 1.02204
0.385333 1.02169
0.385667 1.02134
0.386 1.02099
0.386333 1.02064
0.386667 1.02029
0.387 1.01993
0.387333 1.01958
0.387667 1.01923
0.388 1.01888
0.388333 1.01854
0.388667 1.01819
0.389 1.01784
0.389333 1.01749
0.389667 1.01714
0.39 1.01679
0.390333 1.01645
0.390667 1.0161
0.391 1.01575
0.391333 1.01541
0.391667 1.01506
0.392 1.01471
0.392333 1.01437
0.392667 1.01402
0.393 1.01368
0.393333 1.01333
0.393667 1.01299
0.394 1.01264
0.394333 1.0123
0.394667 1.01196
0.395 1.01161
0.395333 1.01127
0.395667 1.01093
0.396 1.01058
0.396333 1.01024
0.396667 1.0099
0.397 1.00956
0.397333 1.00922
0.397667 1.00888
0.398 1.00853
0.398333 1.00819
0.398667 1.00785
0.399 1.00751
0.399333 1.00717
0.399667 1.00684
0.4 1.0065
0.400333 1.00616
0.400667 1.00582
0.401 1.00548
0.401333 1.00514
0.401667 1.00481
0.402 1.00447
0.402333 1.00413
0.402667 1.00379
0.403 1.00346
0.403333 1.00312
0.403667 1.00279
0.404 1.00245
0.404333 1.00212
0.404667 1.00178
0.405 1.00145
0.405333 1.00111
0.405667 1.00078
0.406 1.00044
0.406333 1.00011
0.406667 0.999776
0.407 0.999443
0.407333 0.99911
0.407667 0.998777
0.408 0.998445
0.408333 0.998113
0.408667 0.997781
0.409 0.99745
0.409333 0.997119
0.409667 0.996788
0.41 0.996457
0.410333 0.996127
0.410667 0.995797
0.411 0.995467
0.411333 0.995138
0.411667 0.994808
0.412 0.994479
0.412333 0.994151
0.412667 0.993822
0.413 0.993494
0.413333 0.993166
0.413667 0.992839
0.414 0.992511
0.414333 0.992184
0.414667 0.991857
0.415 0.991531
0.415333 0.991205
0.415667 0.990879
0.416 0.990553
0.416333 0.990227
0.416667 0.989902
0.417 0.989577
0.417333 0.989252
0.417667 0.988928
0.418 0.988604
0.418333 0.98828
0.418667 0.987956
0.419 0.987633
0.419333 0.98731
0.419667 0.986987
0.42 0.986665
0.420333 0.986342
0.420667 0.98602
0.421 0.985698
0.421333 0.985377
0.421667 0.985056
0.422 0.984735
0.422333 0.984414
0.422667 0.984093
0.423 0.983773
0.423333 0.983453
0.423667 0.983133
0.424 0.982814
0.424333 0.982495
0.424667 0.982176
0.425 0.981857
0.425333 0.981539
0.425667 0.98122
0.426 0.980903
0.426333 0.980585
0.426667 0.980267
0.427 0.97995
0.427333 0.979633
0.427667 0.979317
0.428 0.979
0.428333 0.978684
0.428667 0.978368
0.429 0.978053
0.429333 0.977737
0.429667 0.977422
0.43 0.977107
0.430333 0.976793
0.430667 0.976478
0.431 0.976164
0.431333 0.97585
0.431667 0.975537
0.432 0.975223
0.432333 0.97491
0.432667 0.974597
0.433 0.974285
0.433333 0.973972
0.433667 0.97366
0.434 0.973348
0.434333 0.973036
0.434667 0.972725
0.435 0.972414
0.435333 0.972103
0.435667 0.971792
0.436 0.971482
0.436333 0.971172
0.436667 0.970862
0.437 0.970552
0.437333 0.970243
0.437667 0.969933
0.438 0.969624
0.438333 0.969316
0.438667 0.969007
0.439 0.968699
0.439333 0.968391
0.439667 0.968083
0.44 0.967776
0.440333 0.967468
0.440667 0.967161
0.441 0.966854
0.441333 0.966548
0.441667 0.966242
0.442 0.965935
0.442333 0.96563
0.442667 0.965324
0.443 0.965019
0.443333 0.964714
0.443667 0.964409
0.444 0.964104
0.444333 0.9638
0.444667 0.963495
0.445 0.963191
0.445333 0.962888
0.445667 0.962584
0.446 0.962281
0.446333 0.961978
0.446667 0.961675
0.447 0.961373
0.447333 0.96107
0.447667 0.960768
0.448 0.960466
0.448333 0.960165
0.448667 0.959863
0.449 0.959562
0.449333 0.959261
0.449667 0.958961
0.45 0.95866
0.450333 0.95836
0.450667 0.95806
0.451 0.95776
0.451333 0.95746
0.451667 0.957161
0.452 0.956862
0.452333 0.956563
0.452667 0.956265
0.453 0.955966
0.453333 0.955668
0.453667 0.95537
0.454 0.955072
0.454333 0.954775
0.454667 0.954478
0.455 0.954181
0.455333 0.953884
0.455667 0.953587
0.456 0.953291
0.456333 0.952995
0.456667 0.952699
0.457 0.952403
0.457333 0.952108
0.457667 0.951812
0.458 0.951517
0.458333 0.951222
0.458667 0.950928
0.459 0.950634
0.459333 0.950339
0.459667 0.950045
0.46 0.949752
0.460333 0.949458
0.460667 0.949165
0.461 0.948872
0.461333 0.948579
0.461667 0.948287
0.462 0.947994
0.462333 0.947702
0.462667 0.94741
0.463 0.947118
0.463333 0.946827
0.463667 0.946536
0.464 0.946245
0.464333 0.945954
0.464667 0.945663
0.465 0.945373
0.465333 0.945083
0.465667 0.944793
0.466 0.944503
0.466333 0.944213
0.466667 0.943924
0.467 0.943635
0.467333 0.943346
0.467667 0.943057
0.468 0.942769
0.468333 0.94248
0.468667 0.942192
0.469 0.941905
0.469333 0.941617
0.469667 0.94133
0.47 0.941042
0.470333 0.940755
0.470667 0.940469
0.471 0.940182
0.471333 0.939896
0.471667 0.93961
0.472 0.939324
0.472333 0.939038
0.472667 0.938752
0.473 0.938467
0.473333 0.938182
0.473667 0.937897
0.474 0.937612
0.474333 0.937328
0.474667 0.937044
0.475 0.93676
0.475333 0.936476
0.475667 0.936192
0.476 0.935909
0.476333 0.935626
0.476667 0.935343
0.477 0.93506
0.477333 0.934777
0.477667 0.934495
0.478 0.934213
0.478333 0.933931
0.478667 0.933649
0.479 0.933367
0.479333 0.933086
0.479667 0.932805
0.48 0.932524
0.480333 0.932243
0.480667 0.931963
0.481 0.931682
0.481333 0.931402
0.481667 0.931122
0.482 0.930842
0.482333 0.930563
0.482667 0.930284
0.483 0.930004
0.483333 0.929726
0.483667 0.929447
0.484 0.929168
0.484333 0.92889
0.484667 0.928612
0.485 0.928334
0.485333 0.928056
0.485667 0.927779
0.486 0.927501
0.486333 0.927224
0.486667 0.926947
0.487 0.926671
0.487333 0.926394
0.487667 0.926118
0.488 0.925842
0.488333 0.925566
0.488667 0.92529
0.489 0.925014
0.489333 0.924739
0.489667 0.924464
0.49 0.924189
0.490333 0.923914
0.490667 0.92364
0.491 0.923365
0.491333 0.923091
0.491667 0.922817
0.492 0.922543
0.492333 0.92227
0.492667 0.921996
0.493 0.921723
0.493333 0.92145
0.493667 0.921177
0.494 0.920905
0.494333 0.920632
0.494667 0.92036
0.495 0.920088
0.495333 0.919816
0.495667 0.919545
0.496 0.919273
0.496333 0.919002
0.496667 0.918731
0.497 0.91846
0.497333 0.918189
0.497667 0.917919
0.498 0.917648
0.498333 0.917378
0.498667 0.917108
0.499 0.916838
0.499333 0.916569
0.499667 0.9163
0.5 0.91603
