0.002 1.98601
0.004 1.97232
0.006 1.95891
0.008 1.94576
0.01 1.93288
0.012 1.92026
0.014 1.90787
0.016 1.89573
0.018 1.88381
0.02 1.87212
0.022 1.86064
0.024 1.84937
0.026 1.8383
0.028 1.82743
0.03 1.81675
0.032 1.80625
0.034 1.79593
0.036 1.78578
0.038 1.77581
0.04 1.76599
0.042 1.75634
0.044 1.74684
0.046 1.7375
0.048 1.7283
0.05 1.71924
0.052 1.71032
0.054 1.70154
0.056 1.69289
0.058 1.68437
0.06 1.67597
0.062 1.6677
0.064 1.65954
0.066 1.6515
0.068 1.64358
0.07 1.63576
0.072 1.62806
0.074 1.62046
0.076 1.61296
0.078 1.60556
0.08 1.59827
0.082 1.59106
0.084 1.58396
0.086 1.57694
0.088 1.57001
0.09 1.56318
0.092 1.55642
0.094 1.54976
0.096 1.54317
0.098 1.53666
0.1 1.53024
0.102 1.52389
0.104 1.51762
0.106 1.51142
0.108 1.50529
0.11 1.49924
0.112 1.49325
0.114 1.48733
0.116 1.48148
0.118 1.4757
0.12 1.46998
0.122 1.46433
0.124 1.45873
0.126 1.4532
0.128 1.44772
0.13 1.44231
0.132 1.43695
0.134 1.43165
0.136 1.42641
0.138 1.42121
0.14 1.41608
0.142 1.41099
0.144 1.40596
0.146 1.40098
0.148 1.39604
0.15 1.39116
0.152 1.38632
0.154 1.38153
0.156 1.37679
0.158 1.3721
0.16 1.36745
0.162 1.36284
0.164 1.35828
0.166 1.35375
0.168 1.34928
0.17 1.34484
0.172 1.34044
0.174 1.33609
0.176 1.33177
0.178 1.32749
0.18 1.32325
0.182 1.31905
0.184 1.31488
0.186 1.31076
0.188 1.30666
0.19 1.30261
0.192 1.29858
0.194 1.2946
0.196 1.29064
0.198 1.28672
0.2 1.28283
0.202 1.27898
0.204 1.27515
0.206 1.27136
0.208 1.2676
0.21 1.26387
0.212 1.26017
0.214 1.2565
0.216 1.25286
0.218 1.24924
0.22 1.24566
0.222 1.2421
0.224 1.23858
0.226 1.23507
0.228 1.2316
0.23 1.22815
0.232 1.22473
0.234 1.22134
0.236 1.21797
0.238 1.21462
0.24 1.2113
0.242 1.20801
0.244 1.20474
0.246 1.20149
0.248 1.19826
0.25 1.19506
0.252 1.19189
0.254 1.18873
0.256 1.1856
0.258 1.18249
0.26 1.1794
0.262 1.17634
0.264 1.17329
0.266 1.17027
0.268 1.16726
0.27 1.16428
0.272 1.16132
0.274 1.15838
0.276 1.15545
0.278 1.15255
0.28 1.14967
0.282 1.1468
0.284 1.14396
0.286 1.14113
0.288 1.13832
0.29 1.13553
0.292 1.13276
0.294 1.13001
0.296 1.12727
0.298 1.12455
0.3 1.12185
0.302 1.11917
0.304 1.1165
0.306 1.11385
0.308 1.11122
0.31 1.1086
0.312 1.106
0.314 1.10341
0.316 1.10084
0.318 1.09828
0.32 1.09575
0.322 1.09322
0.324 1.09071
0.326 1.08822
0.328 1.08574
0.33 1.08328
0.332 1.08083
0.334 1.07839
0.336 1.07597
0.338 1.07356
0.34 1.07117
0.342 1.06879
0.344 1.06642
0.346 1.06407
0.348 1.06173
0.35 1.05941
0.352 1.05709
0.354 1.05479
0.356 1.05251
0.358 1.05023
0.36 1.04797
0.362 1.04572
0.364 1.04348
0.366 1.04126
0.368 1.03905
0.37 1.03685
0.372 1.03466
0.374 1.03248
0.376 1.03031
0.378 1.02816
0.38 1.02602
0.382 1.02389
0.384 1.02177
0.386 1.01966
0.388 1.01756
0.39 1.01547
0.392 1.0134
0.394 1.01133
0.396 1.00927
0.398 1.00723
0.4 1.0052
0.402 1.00317
0.404 1.00116
0.406 0.999153
0.408 0.99716
0.41 0.995176
0.412 0.993202
0.414 0.991237
0.416 0.989283
0.418 0.987338
0.42 0.985402
0.422 0.983476
0.424 0.981559
0.426 0.979652
0.428 0.977753
0.43 0.975864
0.432 0.973984
0.434 0.972112
0.436 0.97025
0.438 0.968396
0.44 0.966551
0.442 0.964714
0.444 0.962886
0.446 0.961067
0.448 0.959256
0.45 0.957453
0.452 0.955659
0.454 0.953873
0.456 0.952095
0.458 0.950325
0.46 0.948563
0.462 0.946809
0.464 0.945063
0.466 0.943324
0.468 0.941594
0.47 0.939871
0.472 0.938156
0.474 0.936448
0.476 0.934748
0.478 0.933055
0.48 0.93137
0.482 0.929691
0.484 0.928021
0.486 0.926357
0.488 0.924701
0.49 0.923051
0.492 0.921409
0.494 0.919774
0.496 0.918145
0.498 0.916524
0.5 0.914909
