0.000666667 1.99533
0.00133333 1.9907
0.002 1.9861
0.00266667 1.98153
0.00333333 1.977
0.004 1.97249
0.00466667 1.96801
0.00533333 1.96357
0.006 1.95915
0.00666667 1.95477
0.00733333 1.95041
0.008 1.94609
0.00866667 1.94179
0.00933333 1.93752
0.01 1.93328
0.0106667 1.92906
0.0113333 1.92487
0.012 1.92071
0.0126667 1.91658
0.0133333 1.91248
0.014 1.9084
0.0146667 1.90434
0.0153333 1.90031
0.016 1.89631
0.0166667 1.89233
0.0173333 1.88838
0.018 1.88445
0.0186667 1.88054
0.0193333 1.87666
0.02 1.87281
0.0206667 1.86897
0.0213333 1.86516
0.022 1.86138
0.0226667 1.85761
0.0233333 1.85387
0.024 1.85015
0.0246667 1.84646
0.0253333 1.84278
0.026 1.83913
0.0266667 1.8355
0.0273333 1.83189
0.028 1.8283
0.0286667 1.82473
0.0293333 1.82118
0.03 1.81766
0.0306667 1.81415
0.0313333 1.81066
0.032 1.8072
0.0326667 1.80375
0.0333333 1.80032
0.034 1.79691
0.0346667 1.79352
0.0353333 1.79015
0.036 1.7868
0.0366667 1.78347
0.0373333 1.78015
0.038 1.77685
0.0386667 1.77358
0.0393333 1.77031
0.04 1.76707
0.0406667 1.76385
0.0413333 1.76064
0.042 1.75745
0.0426667 1.75427
0.0433333 1.75112
0.044 1.74798
0.0446667 1.74485
0.0453333 1.74174
0.046 1.73865
0.0466667 1.73558
0.0473333 1.73252
0.048 1.72948
0.0486667 1.72645
0.0493333 1.72344
0.05 1.72044
0.0506667 1.71746
0.0513333 1.7145
0.052 1.71155
0.0526667 1.70861
0.0533333 1.70569
0.054 1.70278
0.0546667 1.69989
0.0553333 1.69701
0.056 1.69415
0.0566667 1.6913
0.0573333 1.68847
0.058 1.68565
0.0586667 1.68284
0.0593333 1.68005
0.06 1.67727
0.0606667 1.6745
0.0613333 1.67175
0.062 1.66901
0.0626667 1.66628
0.0633333 1.66357
0.064 1.66087
0.0646667 1.65818
0.0653333 1.65551
0.066 1.65284
0.0666667 1.65019
0.0673333 1.64756
0.068 1.64493
0.0686667 1.64232
0.0693333 1.63972
0.07 1.63713
0.0706667 1.63455
0.0713333 1.63199
0.072 1.62944
0.0726667 1.62689
0.0733333 1.62436
0.074 1.62185
0.0746667 1.61934
0.0753333 1.61684
0.076 1.61436
0.0766667 1.61189
0.0773333 1.60942
0.078 1.60697
0.0786667 1.60453
0.0793333 1.6021
0.08 1.59968
0.0806667 1.59727
0.0813333 1.59488
0.082 1.59249
0.0826667 1.59011
0.0833333 1.58774
0.084 1.58539
0.0846667 1.58304
0.0853333 1.58071
0.086 1.57838
0.0866667 1.57606
0.0873333 1.57376
0.088 1.57146
0.0886667 1.56917
0.0893333 1.56689
0.09 1.56463
0.0906667 1.56237
0.0913333 1.56012
0.092 1.55788
0.0926667 1.55565
0.0933333 1.55343
0.094 1.55122
0.0946667 1.54901
0.0953333 1.54682
0.096 1.54464
0.0966667 1.54246
0.0973333 1.54029
0.098 1.53814
0.0986667 1.53599
0.0993333 1.53385
0.1 1.53171
0.100667 1.52959
0.101333 1.52747
0.102 1.52537
0.102667 1.52327
0.103333 1.52118
0.104 1.5191
0.104667 1.51702
0.105333 1.51496
0.106 1.5129
0.106667 1.51085
0.107333 1.50881
0.108 1.50678
0.108667 1.50475
0.109333 1.50274
0.11 1.50073
0.110667 1.49872
0.111333 1.49673
0.112 1.49474
0.112667 1.49276
0.113333 1.49079
0.114 1.48883
0.114667 1.48687
0.115333 1.48492
0.116 1.48298
0.116667 1.48104
0.117333 1.47912
0.118 1.4772
0.118667 1.47528
0.119333 1.47338
0.12 1.47148
0.120667 1.46958
0.121333 1.4677
0.122 1.46582
0.122667 1.46395
0.123333 1.46208
0.124 1.46023
0.124667 1.45838
0.125333 1.45653
0.126 1.45469
0.126667 1.45286
0.127333 1.45104
0.128 1.44922
0.128667 1.44741
0.129333 1.4456
0.13 1.4438
0.130667 1.44201
0.131333 1.44023
0.132 1.43845
0.132667 1.43667
0.133333 1.43491
0.134 1.43315
0.134667 1.43139
0.135333 1.42964
0.136 1.4279
0.136667 1.42616
0.137333 1.42443
0.138 1.42271
0.138667 1.42099
0.139333 1.41928
0.14 1.41757
0.140667 1.41587
0.141333 1.41417
0.142 1.41248
0.142667 1.4108
0.143333 1.40912
0.144 1.40745
0.144667 1.40578
0.145333 1.40412
0.146 1.40246
0.146667 1.40081
0.147333 1.39917
0.148 1.39753
0.148667 1.39589
0.149333 1.39427
0.15 1.39264
0.150667 1.39103
0.151333 1.38941
0.152 1.38781
0.152667 1.3862
0.153333 1.38461
0.154 1.38301
0.154667 1.38143
0.155333 1.37985
0.156 1.37827
0.156667 1.3767
0.157333 1.37513
0.158 1.37357
0.158667 1.37202
0.159333 1.37047
0.16 1.36892
0.160667 1.36738
0.161333 1.36584
0.162 1.36431
0.162667 1.36278
0.163333 1.36126
0.164 1.35974
0.164667 1.35823
0.165333 1.35672
0.166 1.35522
0.166667 1.35372
0.167333 1.35223
0.168 1.35074
0.168667 1.34925
0.169333 1.34777
0.17 1.3463
0.170667 1.34483
0.171333 1.34336
0.172 1.3419
0.172667 1.34044
0.173333 1.33899
0.174 1.33754
0.174667 1.3361
0.175333 1.33466
0.176 1.33322
0.176667 1.33179
0.177333 1.33036
0.178 1.32894
0.178667 1.32752
0.179333 1.32611
0.18 1.3247
0.180667 1.32329
0.181333 1.32189
0.182 1.32049
0.182667 1.3191
0.183333 1.31771
0.184 1.31632
0.184667 1.31494
0.185333 1.31357
0.186 1.31219
0.186667 1.31082
0.187333 1.30946
0.188 1.3081
0.188667 1.30674
0.189333 1.30539
0.19 1.30404
0.190667 1.30269
0.191333 1.30135
0.192 1.30001
0.192667 1.29868
0.193333 1.29735
0.194 1.29602
0.194667 1.2947
0.195333 1.29338
0.196 1.29206
0.196667 1.29075
0.197333 1.28944
0.198 1.28814
0.198667 1.28684
0.199333 1.28554
0.2 1.28425
0.200667 1.28296
0.201333 1.28167
0.202 1.28039
0.202667 1.27911
0.203333 1.27783
0.204 1.27656
0.204667 1.27529
0.205333 1.27402
0.206 1.27276
0.206667 1.2715
0.207333 1.27025
0.208 1.269
0.208667 1.26775
0.209333 1.26651
0.21 1.26526
0.210667 1.26403
0.211333 1.26279
0.212 1.26156
0.212667 1.26033
0.213333 1.25911
0.214 1.25788
0.214667 1.25667
0.215333 1.25545
0.216 1.25424
0.216667 1.25303
0.217333 1.25183
0.218 1.25062
0.218667 1.24942
0.219333 1.24823
0.22 1.24703
0.220667 1.24585
0.221333 1.24466
0.222 1.24347
0.222667 1.24229
0.223333 1.24112
0.224 1.23994
0.224667 1.23877
0.225333 1.2376
0.226 1.23644
0.226667 1.23528
0.227333 1.23412
0.228 1.23296
0.228667 1.23181
0.229333 1.23066
0.23 1.22951
0.230667 1.22836
0.231333 1.22722
0.232 1.22608
0.232667 1.22495
0.233333 1.22381
0.234 1.22268
0.234667 1.22156
0.235333 1.22043
0.236 1.21931
0.236667 1.21819
0.237333 1.21707
0.238 1.21596
0.238667 1.21485
0.239333 1.21374
0.24 1.21264
0.240667 1.21153
0.241333 1.21043
0.242 1.20934
0.242667 1.20824
0.243333 1.20715
0.244 1.20606
0.244667 1.20498
0.245333 1.20389
0.246 1.20281
0.246667 1.20173
0.247333 1.20066
0.248 1.19958
0.248667 1.19851
0.249333 1.19745
0.25 1.19638
0.250667 1.19532
0.251333 1.19426
0.252 1.1932
0.252667 1.19214
0.253333 1.19109
0.254 1.19004
0.254667 1.18899
0.255333 1.18795
0.256 1.1869
0.256667 1.18586
0.257333 1.18483
0.258 1.18379
0.258667 1.18276
0.259333 1.18173
0.26 1.1807
0.260667 1.17967
0.261333 1.17865
0.262 1.17763
0.262667 1.17661
0.263333 1.17559
0.264 1.17458
0.264667 1.17357
0.265333 1.17256
0.266 1.17155
0.266667 1.17055
0.267333 1.16954
0.268 1.16854
0.268667 1.16755
0.269333 1.16655
0.27 1.16556
0.270667 1.16457
0.271333 1.16358
0.272 1.16259
0.272667 1.16161
0.273333 1.16063
0.274 1.15965
0.274667 1.15867
0.275333 1.15769
0.276 1.15672
0.276667 1.15575
0.277333 1.15478
0.278 1.15381
0.278667 1.15285
0.279333 1.15189
0.28 1.15093
0.280667 1.14997
0.281333 1.14901
0.282 1.14806
0.282667 1.14711
0.283333 1.14616
0.284 1.14521
0.284667 1.14426
0.285333 1.14332
0.286 1.14238
0.286667 1.14144
0.287333 1.1405
0.288 1.13957
0.288667 1.13863
0.289333 1.1377
0.29 1.13677
0.290667 1.13584
0.291333 1.13492
0.292 1.134
0.292667 1.13308
0.293333 1.13216
0.294 1.13124
0.294667 1.13032
0.295333 1.12941
0.296 1.1285
0.296667 1.12759
0.297333 1.12668
0.298 1.12578
0.298667 1.12487
0.299333 1.12397
0.3 1.12307
0.300667 1.12217
0.301333 1.12128
0.302 1.12038
0.302667 1.11949
0.303333 1.1186
0.304 1.11771
0.304667 1.11682
0.305333 1.11594
0.306 1.11506
0.306667 1.11418
0.307333 1.1133
0.308 1.11242
0.308667 1.11154
0.309333 1.11067
0.31 1.1098
0.310667 1.10893
0.311333 1.10806
0.312 1.10719
0.312667 1.10633
0.313333 1.10546
0.314 1.1046
0.314667 1.10374
0.315333 1.10288
0.316 1.10203
0.316667 1.10117
0.317333 1.10032
0.318 1.09947
0.318667 1.09862
0.319333 1.09777
0.32 1.09693
0.320667 1.09608
0.321333 1.09524
0.322 1.0944
0.322667 1.09356
0.323333 1.09272
0.324 1.09189
0.324667 1.09105
0.325333 1.09022
0.326 1.08939
0.326667 1.08856
0.327333 1.08773
0.328 1.08691
0.328667 1.08608
0.329333 1.08526
0.33 1.08444
0.330667 1.08362
0.331333 1.0828
0.332 1.08198
0.332667 1.08117
0.333333 1.08036
0.334 1.07955
0.334667 1.07874
0.335333 1.07793
0.336 1.07712
0.336667 1.07632
0.337333 1.07551
0.338 1.07471
0.338667 1.07391
0.339333 1.07311
0.34 1.07231
0.340667 1.07152
0.341333 1.07072
0.342 1.06993
0.342667 1.06914
0.343333 1.06835
0.344 1.06756
0.344667 1.06677
0.345333 1.06599
0.346 1.0652
0.346667 1.06442
0.347333 1.06364
0.348 1.06286
0.348667 1.06208
0.349333 1.06131
0.35 1.06053
0.350667 1.05976
0.351333 1.05899
0.352 1.05822
0.352667 1.05745
0.353333 1.05668
0.354 1.05591
0.354667 1.05515
0.355333 1.05438
0.356 1.05362
0.356667 1.05286
0.357333 1.0521
0.358 1.05134
0.358667 1.05059
0.359333 1.04983
0.36 1.04908
0.360667 1.04833
0.361333 1.04758
0.362 1.04683
0.362667 1.04608
0.363333 1.04533
0.364 1.04459
0.364667 1.04384
0.365333 1.0431
0.366 1.04236
0.366667 1.04162
0.367333 1.04088
0.368 1.04014
0.368667 1.03941
0.369333 1.03867
0.37 1.03794
0.370667 1.03721
0.371333 1.03647
0.372 1.03575
0.372667 1.03502
0.373333 1.03429
0.374 1.03356
0.374667 1.03284
0.375333 1.03212
0.376 1.0314
0.376667 1.03068
0.377333 1.02996
0.378 1.02924
0.378667 1.02852
0.379333 1.02781
0.38 1.02709
0.380667 1.02638
0.381333 1.02567
0.382 1.02496
0.382667 1.02425
0.383333 1.02354
0.384 1.02283
0.384667 1.02213
0.385333 1.02142
0.386 1.02072
0.386667 1.02002
0.387333 1.01932
0.388 1.01862
0.388667 1.01792
0.389333 1.01723
0.39 1.01653
0.390667 1.01584
0.391333 1.01514
0.392 1.01445
0.392667 1.01376
0.393333 1.01307
0.394 1.01238
0.394667 1.01169
0.395333 1.01101
0.396 1.01032
0.396667 1.00964
0.397333 1.00896
0.398 1.00827
0.398667 1.00759
0.399333 1.00691
0.4 1.00624
0.400667 1.00556
0.401333 1.00488
0.402 1.00421
0.402667 1.00354
0.403333 1.00286
0.404 1.00219
0.404667 1.00152
0.405333 1.00085
0.406 1.00019
0.406667 0.999519
0.407333 0.998853
0.408 0.998189
0.408667 0.997525
0.409333 0.996863
0.41 0.996202
0.410667 0.995542
0.411333 0.994883
0.412 0.994225
0.412667 0.993568
0.413333 0.992912
0.414 0.992257
0.414667 0.991604
0.415333 0.990951
0.416 0.990299
0.416667 0.989649
0.417333 0.989
0.418 0.988351
0.418667 0.987704
0.419333 0.987058
0.42 0.986413
0.420667 0.985769
0.421333 0.985125
0.422 0.984483
0.422667 0.983842
0.423333 0.983203
0.424 0.982564
0.424667 0.981926
0.425333 0.981289
0.426 0.980653
0.426667 0.980018
0.427333 0.979384
0.428 0.978752
0.428667 0.97812
0.429333 0.977489
0.43 0.976859
0.430667 0.97623
0.431333 0.975603
0.432 0.974976
0.432667 0.97435
0.433333 0.973725
0.434 0.973101
0.434667 0.972479
0.435333 0.971857
0.436 0.971236
0.436667 0.970616
0.437333 0.969997
0.438 0.969379
0.438667 0.968762
0.439333 0.968146
0.44 0.967531
0.440667 0.966917
0.441333 0.966304
0.442 0.965692
0.442667 0.965081
0.443333 0.96447
0.444 0.963861
0.444667 0.963253
0.445333 0.962645
0.446 0.962039
0.446667 0.961433
0.447333 0.960829
0.448 0.960225
0.448667 0.959622
0.449333 0.95902
0.45 0.958419
0.450667 0.957819
0.451333 0.95722
0.452 0.956622
0.452667 0.956025
0.453333 0.955428
0.454 0.954833
0.454667 0.954238
0.455333 0.953645
0.456 0.953052
0.456667 0.95246
0.457333 0.951869
0.458 0.951279
0.458667 0.95069
0.459333 0.950102
0.46 0.949515
0.460667 0.948928
0.461333 0.948342
0.462 0.947758
0.462667 0.947174
0.463333 0.946591
0.464 0.946009
0.464667 0.945428
0.465333 0.944847
0.466 0.944268
0.466667 0.943689
0.467333 0.943111
0.468 0.942534
0.468667 0.941958
0.469333 0.941383
0.47 0.940809
0.470667 0.940235
0.471333 0.939662
0.472 0.939091
0.472667 0.93852
0.473333 0.937949
0.474 0.93738
0.474667 0.936812
0.475333 0.936244
0.476 0.935677
0.476667 0.935111
0.477333 0.934546
0.478 0.933982
0.478667 0.933418
0.479333 0.932855
0.48 0.932294
0.480667 0.931732
0.481333 0.931172
0.482 0.930613
0.482667 0.930054
0.483333 0.929496
0.484 0.928939
0.484667 0.928383
0.485333 0.927828
0.486 0.927273
0.486667 0.926719
0.487333 0.926166
0.488 0.925614
0.488667 0.925062
0.489333 0.924512
0.49 0.923962
0.490667 0.923413
0.491333 0.922865
0.492 0.922317
0.492667 0.92177
0.493333 0.921224
0.494 0.920679
0.494667 0.920135
0.495333 0.919591
0.496 0.919048
0.496667 0.918506
0.497333 0.917965
0.498 0.917424
0.498667 0.916884
0.499333 0.916345
0.5 0.915807
0.500667 0.915269
