0.002 1.98601
0.004 0.98616
0.006 0.328077
0.008 0.0819465
0.01 0.016374
0.012 0.00272632
0.014 0.000389087
0.016 4.85873e-05
0.018 5.39319e-06
0.02 5.38781e-07
0.022 4.89311e-08
0.024 4.07352e-09
0.026 3.13035e-10
0.028 2.23373e-11
0.03 1.48766e-12
0.032 9.28861e-14
0.034 5.45843e-15
0.036 3.02943e-16
0.038 1.59285e-17
0.04 7.95627e-19
0.042 3.78492e-20
0.044 1.7187e-21
0.046 7.46513e-23
0.048 3.10736e-24
0.05 1.2417e-25
0.052 4.77101e-27
0.054 1.76528e-28
0.056 6.29826e-30
0.058 2.16964e-31
0.06 7.22492e-33
0.062 2.32829e-34
0.064 7.26865e-36
0.066 2.20042e-37
0.068 6.46536e-39
0.07 1.8454e-40
0.072 5.12099e-42
0.074 1.38267e-43
0.076 3.63497e-45
0.078 9.31111e-47
0.08 2.32545e-48
0.082 5.66617e-50
0.084 1.34774e-51
0.086 3.13115e-53
0.088 7.10914e-55
0.09 1.57823e-56
0.092 3.42751e-58
0.094 7.28528e-60
0.096 1.51625e-61
0.098 3.0913e-63
0.1 6.17642e-65
0.102 1.20985e-66
0.104 2.32432e-68
0.106 4.38112e-70
0.108 8.10508e-72
0.11 1.47218e-73
0.112 2.62627e-75
0.114 4.60288e-77
0.116 7.92807e-79
0.118 1.3424e-80
0.12 2.2351e-82
0.122 3.66043e-84
0.124 5.89802e-86
0.126 9.35259e-88
0.128 1.45988e-89
0.13 2.24373e-91
0.132 3.39619e-93
0.134 5.06388e-95
0.136 7.43945e-97
0.138 1.0771e-98
0.14 1.53718e-100
0.142 2.16288e-102
0.144 3.001e-104
0.146 4.10685e-106
0.148 5.54426e-108
0.15 7.38496e-110
0.152 9.70735e-112
0.154 1.25943e-113
0.156 1.61305e-115
0.158 2.03979e-117
0.16 2.54719e-119
0.162 3.14154e-121
0.164 3.82732e-123
0.166 4.60662e-125
0.168 5.4786e-127
0.17 6.43897e-129
0.172 7.47969e-131
0.174 8.58876e-133
0.176 9.7502e-135
0.178 1.09443e-136
0.18 1.21482e-138
0.182 1.33364e-140
0.184 1.44816e-142
0.186 1.5556e-144
0.188 1.65324e-146
0.19 1.73852e-148
0.192 1.80915e-150
0.194 1.86324e-152
0.196 1.89936e-154
0.198 1.91663e-156
0.2 1.91472e-158
0.202 1.89386e-160
0.204 1.85487e-162
0.206 1.79905e-164
0.208 1.72813e-166
0.21 1.64419e-168
0.212 1.54957e-170
0.214 1.44675e-172
0.216 1.33825e-174
0.218 1.22652e-176
0.22 1.11391e-178
0.222 1.00252e-180
0.224 8.94212e-183
0.226 7.90547e-185
0.228 6.9277e-187
0.23 6.01807e-189
0.232 5.18281e-191
0.234 4.42532e-193
0.236 3.74653e-195
0.238 3.1452e-197
0.24 2.61838e-199
0.242 2.16179e-201
0.244 1.77019e-203
0.246 1.43774e-205
0.248 1.15831e-207
0.25 9.25721e-210
0.252 7.33965e-212
0.254 5.77348e-214
0.256 4.50603e-216
0.258 3.48955e-218
0.26 2.68159e-220
0.262 2.04497e-222
0.264 1.54767e-224
0.266 1.1625e-226
0.268 8.66672e-229
0.27 6.41338e-231
0.272 4.71101e-233
0.274 3.43526e-235
0.276 2.48683e-237
0.278 1.7873e-239
0.28 1.27537e-241
0.282 9.03611e-244
0.284 6.3571e-246
0.286 4.44109e-248
0.288 3.08101e-250
0.29 2.12271e-252
0.292 1.45246e-254
0.294 9.8708e-257
0.296 6.66279e-259
0.298 4.46721e-261
0.3 2.97516e-263
0.302 1.96834e-265
0.304 1.29367e-267
0.306 8.44688e-270
0.308 5.47951e-272
0.31 3.53164e-274
0.312 2.26161e-276
0.314 1.43908e-278
0.316 9.09897e-281
0.318 5.71691e-283
0.32 3.5695e-285
0.322 2.21486e-287
0.324 1.36583e-289
0.326 8.37098e-292
0.328 5.09916e-294
0.33 3.08731e-296
0.332 1.85797e-298
0.334 1.11144e-300
0.336 6.60913e-303
0.338 3.90682e-305
0.34 2.29583e-307
0.342 1.34125e-309
0.344 7.79019e-312
0.346 4.4985e-314
0.348 2.58276e-316
0.35 1.47439e-318
0.352 8.36947e-321
0.354 4.94066e-323
0.356 0
0.358 0
0.36 0
0.362 0
0.364 0
0.366 0
0.368 0
0.37 0
0.372 0
0.374 0
0.376 0
0.378 0
0.38 0
0.382 0
0.384 0
0.386 0
0.388 0
0.39 0
0.392 0
0.394 0
0.396 0
0.398 0
0.4 0
0.402 0
0.404 0
0.406 0
0.408 0
0.41 0
0.412 0
0.414 0
0.416 0
0.418 0
0.42 0
0.422 0
0.424 0
0.426 0
0.428 0
0.43 0
0.432 0
0.434 0
0.436 0
0.438 0
0.44 0
0.442 0
0.444 0
0.446 0
0.448 0
0.45 0
0.452 0
0.454 0
0.456 0
0.458 0
0.46 0
0.462 0
0.464 0
0.466 0
0.468 0
0.47 0
0.472 0
0.474 0
0.476 0
0.478 0
0.48 0
0.482 0
0.484 0
0.486 0
0.488 0
0.49 0
0.492 0
0.494 0
0.496 0
0.498 0
0.5 0
