0.0005 1.9965
0.001 1.99302
0.0015 1.98956
0.002 1.98611
0.0025 1.98269
0.003 1.97928
0.0035 1.97589
0.004 1.97251
0.0045 1.96915
0.005 1.96581
0.0055 1.96249
0.006 1.95919
0.0065 1.9559
0.007 1.95262
0.0075 1.94937
0.008 1.94613
0.0085 1.9429
0.009 1.93969
0.0095 1.9365
0.01 1.93332
0.0105 1.93016
0.011 1.92702
0.0115 1.92389
0.012 1.92077
0.0125 1.91767
0.013 1.91459
0.0135 1.91152
0.014 1.90846
0.0145 1.90542
0.015 1.90239
0.0155 1.89938
0.016 1.89638
0.0165 1.8934
0.017 1.89043
0.0175 1.88747
0.018 1.88453
0.0185 1.8816
0.019 1.87868
0.0195 1.87578
0.02 1.87289
0.0205 1.87002
0.021 1.86715
0.0215 1.86431
0.022 1.86147
0.0225 1.85865
0.023 1.85583
0.0235 1.85304
0.024 1.85025
0.0245 1.84748
0.025 1.84472
0.0255 1.84197
0.026 1.83923
0.0265 1.83651
0.027 1.8338
0.0275 1.8311
0.028 1.82841
0.0285 1.82573
0.029 1.82306
0.0295 1.82041
0.03 1.81777
0.0305 1.81514
0.031 1.81252
0.0315 1.80991
0.032 1.80731
0.0325 1.80473
0.033 1.80215
0.0335 1.79959
0.034 1.79703
0.0345 1.79449
0.035 1.79196
0.0355 1.78944
0.036 1.78692
0.0365 1.78442
0.037 1.78193
0.0375 1.77945
0.038 1.77698
0.0385 1.77452
0.039 1.77207
0.0395 1.76963
0.04 1.7672
0.0405 1.76478
0.041 1.76237
0.0415 1.75997
0.042 1.75758
0.0425 1.7552
0.043 1.75283
0.0435 1.75047
0.044 1.74812
0.0445 1.74577
0.045 1.74344
0.0455 1.74111
0.046 1.7388
0.0465 1.73649
0.047 1.73419
0.0475 1.7319
0.048 1.72962
0.0485 1.72735
0.049 1.72509
0.0495 1.72284
0.05 1.72059
0.0505 1.71835
0.051 1.71613
0.0515 1.71391
0.052 1.7117
0.0525 1.70949
0.053 1.7073
0.0535 1.70511
0.054 1.70294
0.0545 1.70077
0.055 1.69861
0.0555 1.69645
0.056 1.69431
0.0565 1.69217
0.057 1.69004
0.0575 1.68792
0.058 1.68581
0.0585 1.6837
0.059 1.6816
0.0595 1.67951
0.06 1.67743
0.0605 1.67535
0.061 1.67329
0.0615 1.67122
0.062 1.66917
0.0625 1.66713
0.063 1.66509
0.0635 1.66306
0.064 1.66103
0.0645 1.65902
0.065 1.65701
0.0655 1.65501
0.066 1.65301
0.0665 1.65102
0.067 1.64904
0.0675 1.64707
0.068 1.6451
0.0685 1.64314
0.069 1.64119
0.0695 1.63924
0.07 1.6373
0.0705 1.63537
0.071 1.63344
0.0715 1.63152
0.072 1.62961
0.0725 1.6277
0.073 1.6258
0.0735 1.62391
0.074 1.62202
0.0745 1.62014
0.075 1.61826
0.0755 1.61639
0.076 1.61453
0.0765 1.61268
0.077 1.61083
0.0775 1.60898
0.078 1.60715
0.0785 1.60532
0.079 1.60349
0.0795 1.60167
0.08 1.59986
0.0805 1.59805
0.081 1.59625
0.0815 1.59445
0.082 1.59267
0.0825 1.59088
0.083 1.5891
0.0835 1.58733
0.084 1.58557
0.0845 1.58381
0.085 1.58205
0.0855 1.5803
0.086 1.57856
0.0865 1.57682
0.087 1.57509
0.0875 1.57336
0.088 1.57164
0.0885 1.56992
0.089 1.56821
0.0895 1.56651
0.09 1.56481
0.0905 1.56311
0.091 1.56142
0.0915 1.55974
0.092 1.55806
0.0925 1.55639
0.093 1.55472
0.0935 1.55306
0.094 1.5514
0.0945 1.54975
0.095 1.5481
0.0955 1.54646
0.096 1.54482
0.0965 1.54319
0.097 1.54156
0.0975 1.53994
0.098 1.53832
0.0985 1.53671
0.099 1.5351
0.0995 1.53349
0.1 1.5319
0.1005 1.5303
0.101 1.52871
0.1015 1.52713
0.102 1.52555
0.1025 1.52398
0.103 1.52241
0.1035 1.52084
0.104 1.51928
0.1045 1.51773
0.105 1.51618
0.1055 1.51463
0.106 1.51309
0.1065 1.51155
0.107 1.51002
0.1075 1.50849
0.108 1.50696
0.1085 1.50544
0.109 1.50393
0.1095 1.50242
0.11 1.50091
0.1105 1.49941
0.111 1.49791
0.1115 1.49642
0.112 1.49493
0.1125 1.49344
0.113 1.49196
0.1135 1.49048
0.114 1.48901
0.1145 1.48754
0.115 1.48608
0.1155 1.48462
0.116 1.48316
0.1165 1.48171
0.117 1.48026
0.1175 1.47882
0.118 1.47738
0.1185 1.47595
0.119 1.47451
0.1195 1.47309
0.12 1.47166
0.1205 1.47024
0.121 1.46883
0.1215 1.46741
0.122 1.46601
0.1225 1.4646
0.123 1.4632
0.1235 1.46181
0.124 1.46041
0.1245 1.45902
0.125 1.45764
0.1255 1.45626
0.126 1.45488
0.1265 1.45351
0.127 1.45214
0.1275 1.45077
0.128 1.44941
0.1285 1.44805
0.129 1.44669
0.1295 1.44534
0.13 1.44399
0.1305 1.44265
0.131 1.4413
0.1315 1.43997
0.132 1.43863
0.1325 1.4373
0.133 1.43597
0.1335 1.43465
0.134 1.43333
0.1345 1.43201
0.135 1.4307
0.1355 1.42939
0.136 1.42808
0.1365 1.42678
0.137 1.42548
0.1375 1.42419
0.138 1.42289
0.1385 1.4216
0.139 1.42032
0.1395 1.41903
0.14 1.41775
0.1405 1.41648
0.141 1.4152
0.1415 1.41393
0.142 1.41267
0.1425 1.4114
0.143 1.41014
0.1435 1.40889
0.144 1.40763
0.1445 1.40638
0.145 1.40513
0.1455 1.40389
0.146 1.40265
0.1465 1.40141
0.147 1.40017
0.1475 1.39894
0.148 1.39771
0.1485 1.39649
0.149 1.39526
0.1495 1.39404
0.15 1.39283
0.1505 1.39161
0.151 1.3904
0.1515 1.38919
0.152 1.38799
0.1525 1.38679
0.153 1.38559
0.1535 1.38439
0.154 1.3832
0.1545 1.38201
0.155 1.38082
0.1555 1.37964
0.156 1.37845
0.1565 1.37728
0.157 1.3761
0.1575 1.37493
0.158 1.37376
0.1585 1.37259
0.159 1.37142
0.1595 1.37026
0.16 1.3691
0.1605 1.36795
0.161 1.36679
0.1615 1.36564
0.162 1.36449
0.1625 1.36335
0.163 1.3622
0.1635 1.36106
0.164 1.35993
0.1645 1.35879
0.165 1.35766
0.1655 1.35653
0.166 1.3554
0.1665 1.35428
0.167 1.35316
0.1675 1.35204
0.168 1.35092
0.1685 1.34981
0.169 1.3487
0.1695 1.34759
0.17 1.34648
0.1705 1.34538
0.171 1.34428
0.1715 1.34318
0.172 1.34208
0.1725 1.34099
0.173 1.3399
0.1735 1.33881
0.174 1.33772
0.1745 1.33664
0.175 1.33556
0.1755 1.33448
0.176 1.3334
0.1765 1.33233
0.177 1.33126
0.1775 1.33019
0.178 1.32912
0.1785 1.32806
0.179 1.32699
0.1795 1.32593
0.18 1.32488
0.1805 1.32382
0.181 1.32277
0.1815 1.32172
0.182 1.32067
0.1825 1.31963
0.183 1.31858
0.1835 1.31754
0.184 1.3165
0.1845 1.31547
0.185 1.31443
0.1855 1.3134
0.186 1.31237
0.1865 1.31134
0.187 1.31032
0.1875 1.3093
0.188 1.30827
0.1885 1.30726
0.189 1.30624
0.1895 1.30523
0.19 1.30421
0.1905 1.3032
0.191 1.3022
0.1915 1.30119
0.192 1.30019
0.1925 1.29919
0.193 1.29819
0.1935 1.29719
0.194 1.2962
0.1945 1.2952
0.195 1.29421
0.1955 1.29322
0.196 1.29224
0.1965 1.29125
0.197 1.29027
0.1975 1.28929
0.198 1.28831
0.1985 1.28734
0.199 1.28636
0.1995 1.28539
0.2 1.28442
0.2005 1.28345
0.201 1.28249
0.2015 1.28152
0.202 1.28056
0.2025 1.2796
0.203 1.27864
0.2035 1.27769
0.204 1.27673
0.2045 1.27578
0.205 1.27483
0.2055 1.27388
0.206 1.27294
0.2065 1.27199
0.207 1.27105
0.2075 1.27011
0.208 1.26917
0.2085 1.26824
0.209 1.2673
0.2095 1.26637
0.21 1.26544
0.2105 1.26451
0.211 1.26358
0.2115 1.26266
0.212 1.26173
0.2125 1.26081
0.213 1.25989
0.2135 1.25897
0.214 1.25806
0.2145 1.25714
0.215 1.25623
0.2155 1.25532
0.216 1.25441
0.2165 1.2535
0.217 1.2526
0.2175 1.2517
0.218 1.25079
0.2185 1.24989
0.219 1.249
0.2195 1.2481
0.22 1.24721
0.2205 1.24631
0.221 1.24542
0.2215 1.24453
0.222 1.24365
0.2225 1.24276
0.223 1.24188
0.2235 1.24099
0.224 1.24011
0.2245 1.23923
0.225 1.23836
0.2255 1.23748
0.226 1.23661
0.2265 1.23574
0.227 1.23486
0.2275 1.234
0.228 1.23313
0.2285 1.23226
0.229 1.2314
0.2295 1.23054
0.23 1.22968
0.2305 1.22882
0.231 1.22796
0.2315 1.22711
0.232 1.22625
0.2325 1.2254
0.233 1.22455
0.2335 1.2237
0.234 1.22285
0.2345 1.22201
0.235 1.22116
0.2355 1.22032
0.236 1.21948
0.2365 1.21864
0.237 1.2178
0.2375 1.21696
0.238 1.21613
0.2385 1.21529
0.239 1.21446
0.2395 1.21363
0.24 1.2128
0.2405 1.21198
0.241 1.21115
0.2415 1.21033
0.242 1.2095
0.2425 1.20868
0.243 1.20786
0.2435 1.20704
0.244 1.20623
0.2445 1.20541
0.245 1.2046
0.2455 1.20379
0.246 1.20298
0.2465 1.20217
0.247 1.20136
0.2475 1.20055
0.248 1.19975
0.2485 1.19895
0.249 1.19814
0.2495 1.19734
0.25 1.19654
0.2505 1.19575
0.251 1.19495
0.2515 1.19416
0.252 1.19336
0.2525 1.19257
0.253 1.19178
0.2535 1.19099
0.254 1.1902
0.2545 1.18942
0.255 1.18863
0.2555 1.18785
0.256 1.18707
0.2565 1.18629
0.257 1.18551
0.2575 1.18473
0.258 1.18395
0.2585 1.18318
0.259 1.1824
0.2595 1.18163
0.26 1.18086
0.2605 1.18009
0.261 1.17932
0.2615 1.17855
0.262 1.17779
0.2625 1.17702
0.263 1.17626
0.2635 1.1755
0.264 1.17474
0.2645 1.17398
0.265 1.17322
0.2655 1.17247
0.266 1.17171
0.2665 1.17096
0.267 1.1702
0.2675 1.16945
0.268 1.1687
0.2685 1.16796
0.269 1.16721
0.2695 1.16646
0.27 1.16572
0.2705 1.16497
0.271 1.16423
0.2715 1.16349
0.272 1.16275
0.2725 1.16201
0.273 1.16127
0.2735 1.16054
0.274 1.1598
0.2745 1.15907
0.275 1.15834
0.2755 1.15761
0.276 1.15688
0.2765 1.15615
0.277 1.15542
0.2775 1.15469
0.278 1.15397
0.2785 1.15325
0.279 1.15252
0.2795 1.1518
0.28 1.15108
0.2805 1.15036
0.281 1.14965
0.2815 1.14893
0.282 1.14821
0.2825 1.1475
0.283 1.14679
0.2835 1.14607
0.284 1.14536
0.2845 1.14465
0.285 1.14395
0.2855 1.14324
0.286 1.14253
0.2865 1.14183
0.287 1.14112
0.2875 1.14042
0.288 1.13972
0.2885 1.13902
0.289 1.13832
0.2895 1.13762
0.29 1.13693
0.2905 1.13623
0.291 1.13554
0.2915 1.13484
0.292 1.13415
0.2925 1.13346
0.293 1.13277
0.2935 1.13208
0.294 1.13139
0.2945 1.13071
0.295 1.13002
0.2955 1.12933
0.296 1.12865
0.2965 1.12797
0.297 1.12729
0.2975 1.12661
0.298 1.12593
0.2985 1.12525
0.299 1.12457
0.2995 1.1239
0.3 1.12322
0.3005 1.12255
0.301 1.12188
0.3015 1.1212
0.302 1.12053
0.3025 1.11986
0.303 1.1192
0.3035 1.11853
0.304 1.11786
0.3045 1.1172
0.305 1.11653
0.3055 1.11587
0.306 1.11521
0.3065 1.11455
0.307 1.11389
0.3075 1.11323
0.308 1.11257
0.3085 1.11191
0.309 1.11125
0.3095 1.1106
0.31 1.10995
0.3105 1.10929
0.311 1.10864
0.3115 1.10799
0.312 1.10734
0.3125 1.10669
0.313 1.10604
0.3135 1.1054
0.314 1.10475
0.3145 1.1041
0.315 1.10346
0.3155 1.10282
0.316 1.10218
0.3165 1.10153
0.317 1.10089
0.3175 1.10025
0.318 1.09962
0.3185 1.09898
0.319 1.09834
0.3195 1.09771
0.32 1.09707
0.3205 1.09644
0.321 1.09581
0.3215 1.09518
0.322 1.09455
0.3225 1.09392
0.323 1.09329
0.3235 1.09266
0.324 1.09203
0.3245 1.09141
0.325 1.09078
0.3255 1.09016
0.326 1.08953
0.3265 1.08891
0.327 1.08829
0.3275 1.08767
0.328 1.08705
0.3285 1.08643
0.329 1.08582
0.3295 1.0852
0.33 1.08458
0.3305 1.08397
0.331 1.08335
0.3315 1.08274
0.332 1.08213
0.3325 1.08152
0.333 1.08091
0.3335 1.0803
0.334 1.07969
0.3345 1.07908
0.335 1.07848
0.3355 1.07787
0.336 1.07726
0.3365 1.07666
0.337 1.07606
0.3375 1.07545
0.338 1.07485
0.3385 1.07425
0.339 1.07365
0.3395 1.07305
0.34 1.07246
0.3405 1.07186
0.341 1.07126
0.3415 1.07067
0.342 1.07007
0.3425 1.06948
0.343 1.06889
0.3435 1.06829
0.344 1.0677
0.3445 1.06711
0.345 1.06652
0.3455 1.06593
0.346 1.06535
0.3465 1.06476
0.347 1.06417
0.3475 1.06359
0.348 1.063
0.3485 1.06242
0.349 1.06184
0.3495 1.06125
0.35 1.06067
0.3505 1.06009
0.351 1.05951
0.3515 1.05893
0.352 1.05836
0.3525 1.05778
0.353 1.0572
0.3535 1.05663
0.354 1.05605
0.3545 1.05548
0.355 1.05491
0.3555 1.05433
0.356 1.05376
0.3565 1.05319
0.357 1.05262
0.3575 1.05205
0.358 1.05148
0.3585 1.05092
0.359 1.05035
0.3595 1.04978
0.36 1.04922
0.3605 1.04865
0.361 1.04809
0.3615 1.04753
0.362 1.04696
0.3625 1.0464
0.363 1.04584
0.3635 1.04528
0.364 1.04472
0.3645 1.04417
0.365 1.04361
0.3655 1.04305
0.366 1.04249
0.3665 1.04194
0.367 1.04139
0.3675 1.04083
0.368 1.04028
0.3685 1.03973
0.369 1.03917
0.3695 1.03862
0.37 1.03807
0.3705 1.03752
0.371 1.03698
0.3715 1.03643
0.372 1.03588
0.3725 1.03533
0.373 1.03479
0.3735 1.03424
0.374 1.0337
0.3745 1.03316
0.375 1.03261
0.3755 1.03207
0.376 1.03153
0.3765 1.03099
0.377 1.03045
0.3775 1.02991
0.378 1.02937
0.3785 1.02884
0.379 1.0283
0.3795 1.02776
0.38 1.02723
0.3805 1.02669
0.381 1.02616
0.3815 1.02562
0.382 1.02509
0.3825 1.02456
0.383 1.02403
0.3835 1.0235
0.384 1.02297
0.3845 1.02244
0.385 1.02191
0.3855 1.02138
0.386 1.02085
0.3865 1.02033
0.387 1.0198
0.3875 1.01928
0.388 1.01875
0.3885 1.01823
0.389 1.01771
0.3895 1.01718
0.39 1.01666
0.3905 1.01614
0.391 1.01562
0.3915 1.0151
0.392 1.01458
0.3925 1.01406
0.393 1.01355
0.3935 1.01303
0.394 1.01251
0.3945 1.012
0.395 1.01148
0.3955 1.01097
0.396 1.01045
0.3965 1.00994
0.397 1.00943
0.3975 1.00892
0.398 1.0084
0.3985 1.00789
0.399 1.00738
0.3995 1.00688
0.4 1.00637
0.4005 1.00586
0.401 1.00535
0.4015 1.00485
0.402 1.00434
0.4025 1.00383
0.403 1.00333
0.4035 1.00283
0.404 1.00232
0.4045 1.00182
0.405 1.00132
0.4055 1.00082
0.406 1.00031
0.4065 0.999814
0.407 0.999314
0.4075 0.998815
0.408 0.998317
0.4085 0.997819
0.409 0.997322
0.4095 0.996826
0.41 0.99633
0.4105 0.995834
0.411 0.99534
0.4115 0.994846
0.412 0.994352
0.4125 0.993859
0.413 0.993367
0.4135 0.992875
0.414 0.992384
0.4145 0.991894
0.415 0.991404
0.4155 0.990915
0.416 0.990426
0.4165 0.989938
0.417 0.989451
0.4175 0.988964
0.418 0.988478
0.4185 0.987992
0.419 0.987507
0.4195 0.987023
0.42 0.986539
0.4205 0.986055
0.421 0.985573
0.4215 0.985091
0.422 0.984609
0.4225 0.984128
0.423 0.983648
0.4235 0.983168
0.424 0.982689
0.4245 0.98221
0.425 0.981732
0.4255 0.981255
0.426 0.980778
0.4265 0.980301
0.427 0.979826
0.4275 0.979351
0.428 0.978876
0.4285 0.978402
0.429 0.977928
0.4295 0.977456
0.43 0.976983
0.4305 0.976511
0.431 0.97604
0.4315 0.97557
0.432 0.9751
0.4325 0.97463
0.433 0.974161
0.4335 0.973693
0.434 0.973225
0.4345 0.972758
0.435 0.972291
0.4355 0.971825
0.436 0.971359
0.4365 0.970894
0.437 0.970429
0.4375 0.969965
0.438 0.969502
0.4385 0.969039
0.439 0.968577
0.4395 0.968115
0.44 0.967653
0.4405 0.967193
0.441 0.966732
0.4415 0.966273
0.442 0.965814
0.4425 0.965355
0.443 0.964897
0.4435 0.96444
0.444 0.963983
0.4445 0.963526
0.445 0.96307
0.4455 0.962615
0.446 0.96216
0.4465 0.961705
0.447 0.961252
0.4475 0.960798
0.448 0.960346
0.4485 0.959893
0.449 0.959442
0.4495 0.95899
0.45 0.95854
0.4505 0.95809
0.451 0.95764
0.4515 0.957191
0.452 0.956742
0.4525 0.956294
0.453 0.955846
0.4535 0.955399
0.454 0.954953
0.4545 0.954507
0.455 0.954061
0.4555 0.953616
0.456 0.953171
0.4565 0.952727
0.457 0.952284
0.4575 0.951841
0.458 0.951398
0.4585 0.950956
0.459 0.950515
0.4595 0.950074
0.46 0.949633
0.4605 0.949193
0.461 0.948754
0.4615 0.948315
0.462 0.947876
0.4625 0.947438
0.463 0.947
0.4635 0.946563
0.464 0.946127
0.4645 0.945691
0.465 0.945255
0.4655 0.94482
0.466 0.944385
0.4665 0.943951
0.467 0.943517
0.4675 0.943084
0.468 0.942652
0.4685 0.942219
0.469 0.941788
0.4695 0.941356
0.47 0.940926
0.4705 0.940495
0.471 0.940065
0.4715 0.939636
0.472 0.939207
0.4725 0.938779
0.473 0.938351
0.4735 0.937923
0.474 0.937496
0.4745 0.93707
0.475 0.936644
0.4755 0.936218
0.476 0.935793
0.4765 0.935368
0.477 0.934944
0.4775 0.93452
0.478 0.934097
0.4785 0.933674
0.479 0.933252
0.4795 0.93283
0.48 0.932409
0.4805 0.931988
0.481 0.931567
0.4815 0.931147
0.482 0.930728
0.4825 0.930309
0.483 0.92989
0.4835 0.929472
0.484 0.929054
0.4845 0.928637
0.485 0.92822
0.4855 0.927803
0.486 0.927387
0.4865 0.926972
0.487 0.926557
0.4875 0.926142
0.488 0.925728
0.4885 0.925314
0.489 0.924901
0.4895 0.924488
0.49 0.924075
0.4905 0.923663
0.491 0.923252
0.4915 0.922841
0.492 0.92243
0.4925 0.92202
0.493 0.92161
0.4935 0.921201
0.494 0.920792
0.4945 0.920383
0.495 0.919975
0.4955 0.919568
0.496 0.919161
0.4965 0.918754
0.497 0.918347
0.4975 0.917942
0.498 0.917536
0.4985 0.917131
0.499 0.916726
0.4995 0.916322
0.5 0.915919
